Geracao,Melhor_Geracao,Pior_Geracao,Melhor_Geral
0,34536,43730,37880
1,34536,55364,34536
2,34536,37880,34536
3,34536,35759,34536
4,34536,35177,34536
5,34536,34894,34536
6,34536,34536,34536
7,34536,34536,34536
8,34536,34536,34536
9,34536,34536,34536
10,34536,34536,34536
11,34536,34536,34536
12,34536,34536,34536
13,34536,34536,34536
14,34536,34536,34536
15,34536,34536,34536
16,34536,34536,34536
17,34536,34536,34536
18,34536,34536,34536
19,34536,34536,34536
20,34536,34536,34536
21,34536,34536,34536
22,34536,35045,34536
23,34536,34536,34536
24,34536,34536,34536
25,34536,34536,34536
26,34536,34536,34536
27,34536,34536,34536
28,34536,34536,34536
29,34536,34536,34536
30,34536,34536,34536
31,34536,34536,34536
32,34536,34536,34536
33,34536,34536,34536
34,34536,34536,34536
35,34536,34536,34536
36,34536,34536,34536
37,34536,34536,34536
38,34536,42104,34536
39,34536,34536,34536
40,34536,34536,34536
41,34536,34536,34536
42,34536,50670,34536
43,34536,34536,34536
44,34536,34536,34536
45,34536,57569,34536
46,34536,34536,34536
47,34536,47927,34536
48,34536,34536,34536
49,34536,34536,34536
50,34536,34536,34536
51,34536,34536,34536
52,34536,34536,34536
53,34536,34536,34536
54,34536,34536,34536
55,34536,34536,34536
56,34536,34536,34536
57,34536,34536,34536
58,34536,35335,34536
59,34536,34536,34536
60,34536,34536,34536
61,34536,34536,34536
62,34536,34536,34536
63,34536,34536,34536
64,34536,34536,34536
65,34536,34536,34536
66,34536,34536,34536
67,34536,34536,34536
68,34536,34536,34536
69,34536,34536,34536
70,34536,34536,34536
71,34536,34536,34536
72,34536,34536,34536
73,34536,34536,34536
74,34536,34536,34536
75,34536,34536,34536
76,34536,34536,34536
77,34536,34536,34536
78,34536,34536,34536
79,34536,34536,34536
80,34536,34536,34536
81,34536,36268,34536
82,34536,34536,34536
83,34536,34536,34536
84,34536,34536,34536
85,34536,34536,34536
86,34536,34536,34536
87,34536,34536,34536
88,34536,34536,34536
89,34536,34536,34536
90,34536,34536,34536
91,34536,34536,34536
92,34536,34536,34536
93,34536,34536,34536
94,34536,34536,34536
95,34536,34536,34536
96,34536,34536,34536
97,34536,34536,34536
98,34536,34536,34536
99,34536,34536,34536
100,34536,34536,34536
101,34536,34536,34536
102,34536,34536,34536
103,34536,34536,34536
104,34536,34536,34536
105,34536,34536,34536
106,34536,34536,34536
107,34536,34536,34536
108,34536,34536,34536
109,34536,34536,34536
110,34536,34536,34536
111,34536,34536,34536
112,34536,34536,34536
113,34536,34536,34536
114,34536,34536,34536
115,34536,34536,34536
116,34536,34536,34536
117,34536,34536,34536
118,34536,43103,34536
119,34536,34536,34536
120,34536,34536,34536
121,34536,34536,34536
122,34536,34536,34536
123,34536,34536,34536
124,34536,34536,34536
125,34536,34536,34536
126,34536,34536,34536
127,34536,34536,34536
128,34536,34536,34536
129,34536,34536,34536
130,34536,40027,34536
131,34536,47790,34536
132,34536,34536,34536
133,34536,34536,34536
134,34536,34536,34536
135,34536,34795,34536
136,34536,34536,34536
137,34536,34536,34536
138,34536,34536,34536
139,34536,34536,34536
140,34536,34536,34536
141,34536,34536,34536
142,34536,34536,34536
143,34536,34536,34536
144,34536,51712,34536
145,34536,34536,34536
146,34536,34536,34536
147,34536,34536,34536
148,34536,34536,34536
149,34536,34536,34536
150,34536,34536,34536
151,34536,34536,34536
152,34536,34536,34536
153,34536,34536,34536
154,34536,48501,34536
155,34536,34536,34536
156,34536,34536,34536
157,34536,34536,34536
158,34536,34536,34536
159,34536,34536,34536
160,34536,34536,34536
161,34536,34536,34536
162,34536,34536,34536
163,34536,34536,34536
164,34536,34536,34536
165,34536,34536,34536
166,34536,34536,34536
167,34536,34536,34536
168,34536,34536,34536
169,34536,34536,34536
170,34536,34536,34536
171,34536,34536,34536
172,34536,34536,34536
173,34536,34536,34536
174,34536,34536,34536
175,34536,34536,34536
176,34536,48894,34536
177,34536,34536,34536
178,34536,34536,34536
179,34536,34536,34536
180,34536,34536,34536
181,34536,34536,34536
182,34536,34536,34536
183,34536,34536,34536
184,34536,34536,34536
185,34536,34536,34536
186,34536,34536,34536
187,34536,42968,34536
188,34536,34536,34536
189,34536,34536,34536
190,34536,34536,34536
191,34536,34536,34536
192,34536,34536,34536
193,34536,34536,34536
194,34536,34536,34536
195,34536,34536,34536
196,34536,34536,34536
197,34536,34536,34536
198,34536,34536,34536
199,34536,34536,34536
200,34536,34536,34536
201,34536,34536,34536
202,34536,34536,34536
203,34536,34536,34536
204,34536,34536,34536
205,34536,34536,34536
206,34536,34536,34536
207,34536,37810,34536
208,34536,34536,34536
209,34536,34536,34536
210,34536,34536,34536
211,34536,34536,34536
212,34536,34536,34536
213,34536,34536,34536
214,34536,62465,34536
215,34536,34536,34536
216,34536,34536,34536
217,34536,34536,34536
218,34536,34536,34536
219,34536,34536,34536
220,34536,34536,34536
221,34536,48664,34536
222,34536,34536,34536
223,34536,34536,34536
224,34536,57569,34536
225,34536,34536,34536
226,34536,34536,34536
227,34536,34536,34536
228,34536,34536,34536
229,34536,34536,34536
230,34536,34536,34536
231,34536,34536,34536
232,34536,43103,34536
233,34536,34536,34536
234,34536,34536,34536
235,34536,34536,34536
236,34536,34536,34536
237,34536,34536,34536
238,34536,34536,34536
239,34536,34536,34536
240,34536,34536,34536
241,34536,34536,34536
242,34536,34536,34536
243,34536,34536,34536
244,34536,34536,34536
245,34536,34536,34536
246,34536,34536,34536
247,34536,34536,34536
248,34536,34536,34536
249,34536,34536,34536
250,34536,34536,34536
251,34536,34536,34536
252,34536,34536,34536
253,34536,34536,34536
254,34536,34536,34536
255,34536,34536,34536
256,34536,34536,34536
257,34536,42348,34536
258,34536,34536,34536
259,34536,34536,34536
260,34536,34536,34536
261,34536,49809,34536
262,34536,34536,34536
263,34536,34536,34536
264,34536,34536,34536
265,34536,34536,34536
266,34536,34536,34536
267,34536,48565,34536
268,34536,34536,34536
269,34536,34536,34536
270,34536,34536,34536
271,34536,34536,34536
272,34536,34536,34536
273,34536,34536,34536
274,34536,34536,34536
275,34536,37933,34536
276,34536,34536,34536
277,34536,34536,34536
278,34536,34536,34536
279,34536,34536,34536
280,34536,34536,34536
281,34536,34536,34536
282,34536,34536,34536
283,34536,34536,34536
284,34536,34536,34536
285,34536,34536,34536
286,34536,34536,34536
287,34536,34536,34536
288,34536,36842,34536
289,34536,34536,34536
290,34536,34536,34536
291,34536,34536,34536
292,34536,34536,34536
293,34536,34536,34536
294,34536,34536,34536
295,34536,34536,34536
296,34536,34536,34536
297,34536,34536,34536
298,34536,34536,34536
299,34536,45327,34536
300,34536,34536,34536
301,34536,34536,34536
302,34536,34536,34536
303,34536,34536,34536
304,34536,34536,34536
305,34536,34536,34536
306,34536,34536,34536
307,34536,34536,34536
308,34536,34536,34536
309,34536,34536,34536
310,34536,34536,34536
311,34536,47306,34536
312,34536,34536,34536
313,34536,34536,34536
314,34536,34536,34536
315,34536,34536,34536
316,34536,34536,34536
317,34536,34536,34536
318,34536,34536,34536
319,34536,34536,34536
320,34536,34536,34536
321,34536,34536,34536
322,34536,34536,34536
323,34536,34536,34536
324,34536,34536,34536
325,34536,34536,34536
326,34536,34536,34536
327,34536,34536,34536
328,34536,34536,34536
329,34536,34536,34536
330,34536,55698,34536
331,34536,34536,34536
332,34536,34536,34536
333,34536,34536,34536
334,34536,34536,34536
335,34536,34536,34536
336,34536,34536,34536
337,34536,34536,34536
338,34536,34536,34536
339,34536,34536,34536
340,34536,34536,34536
341,34536,34536,34536
342,34536,34536,34536
343,34536,34536,34536
344,34536,34536,34536
345,34536,34536,34536
346,34536,34536,34536
347,34536,49044,34536
348,34536,34536,34536
349,34536,50670,34536
350,34536,34536,34536
351,34536,34536,34536
352,34536,34536,34536
353,34536,34536,34536
354,34536,34536,34536
355,34536,34536,34536
356,34536,34536,34536
357,34536,34536,34536
358,34536,34536,34536
359,34536,34536,34536
360,34536,34536,34536
361,34536,40344,34536
362,34536,34536,34536
363,34536,34536,34536
364,34536,34536,34536
365,34536,34536,34536
366,34536,34536,34536
367,34536,34536,34536
368,34536,34536,34536
369,34536,34536,34536
370,34536,34536,34536
371,34536,34536,34536
372,34536,34802,34536
373,34536,34536,34536
374,34536,34536,34536
375,34536,34536,34536
376,34536,34536,34536
377,34536,34536,34536
378,34536,34536,34536
379,34536,34536,34536
380,34536,34536,34536
381,34536,34536,34536
382,34536,34536,34536
383,34536,34536,34536
384,34536,34536,34536
385,34536,34536,34536
386,34536,34536,34536
387,34536,34536,34536
388,34536,34536,34536
389,34536,34536,34536
390,34536,34536,34536
391,34536,34536,34536
392,34536,55784,34536
393,34536,34536,34536
394,34536,34536,34536
395,34536,34536,34536
396,34536,34536,34536
397,34536,34536,34536
398,34536,34536,34536
399,34536,34536,34536
400,34536,34536,34536
401,34536,34536,34536
402,34536,34536,34536
403,34536,34536,34536
404,34536,34536,34536
405,34536,34536,34536
406,34536,34536,34536
407,34536,34536,34536
408,34536,34536,34536
409,34536,34536,34536
410,34536,34536,34536
411,34536,48804,34536
412,34536,34536,34536
413,34536,34536,34536
414,34536,34536,34536
415,34536,36854,34536
416,34536,34536,34536
417,34536,34536,34536
418,34536,34536,34536
419,34536,34536,34536
420,34536,34536,34536
421,34536,36054,34536
422,34536,34536,34536
423,34536,34536,34536
424,34536,34536,34536
425,34536,34536,34536
426,34536,34536,34536
427,34536,34536,34536
428,34536,34536,34536
429,34536,34536,34536
430,34536,34536,34536
431,34536,34536,34536
432,34536,34536,34536
433,34536,34536,34536
434,34536,34536,34536
435,34536,34536,34536
436,34536,34536,34536
437,34536,34536,34536
438,34536,34536,34536
439,34536,34536,34536
440,34536,52547,34536
441,34536,34536,34536
442,34536,34536,34536
443,34536,34536,34536
444,34536,34536,34536
445,34536,34536,34536
446,34536,34536,34536
447,34536,34536,34536
448,34536,34536,34536
449,34536,34536,34536
450,34536,34536,34536
451,34536,34536,34536
452,34536,34536,34536
453,34536,34536,34536
454,34536,40138,34536
455,34536,34536,34536
456,34536,34536,34536
457,34536,39162,34536
458,34536,34536,34536
459,34536,34536,34536
460,34536,34536,34536
461,34536,34536,34536
462,34536,34536,34536
463,34536,34536,34536
464,34536,44051,34536
465,34536,34536,34536
466,34536,34536,34536
467,34536,34536,34536
468,34536,34536,34536
469,34536,34536,34536
470,34536,34536,34536
471,34536,34536,34536
472,34536,34536,34536
473,34536,34536,34536
474,34536,34536,34536
475,34536,34536,34536
476,34536,62951,34536
477,34536,34536,34536
478,34536,34536,34536
479,34536,34536,34536
480,34536,34536,34536
481,34536,34536,34536
482,34536,50162,34536
483,34536,36423,34536
484,34536,49186,34536
485,34536,34536,34536
486,34536,34536,34536
487,34536,34536,34536
488,34536,34536,34536
489,34536,34536,34536
490,34536,36038,34536
491,34536,34536,34536
492,34536,34536,34536
493,34536,34536,34536
494,34536,34536,34536
495,34536,34536,34536
496,34536,34536,34536
497,34536,34536,34536
498,34536,34536,34536
499,34536,35710,34536

Precisao,Condicao_Parada,Tempo,Melhor_Fitness
0.9706393328700487,ESTAGNACAO,4,34536

tamanho_populacao,k_individuos_selecao,posicoes_cruzamento,busca_local_profundidade,taxa_busca_local,taxa_cruzamento,taxa_mutacao,taxa_sobrevivencia
500,3,50,0.2,0.8,0.1,0.3
