Geracao,Melhor_Geracao,Pior_Geracao,Melhor_Geral
0,315046,375533,315046
1,315584,401591,315046
2,307853,395882,315046
3,307552,396033,307853
4,311548,390374,307552
5,307017,391854,307552
6,306144,387851,307017
7,305627,384494,306144
8,302033,388743,305627
9,299840,380720,302033
10,300695,371915,299840
11,298709,376128,299840
12,297911,369120,298709
13,293435,357812,297911
14,298063,359090,293435
15,297289,353979,293435
16,288745,367127,293435
17,295925,357122,288745
18,293301,352104,288745
19,289638,359633,288745
20,285782,379243,288745
21,280993,351175,285782
22,285407,353070,280993
23,279306,353563,280993
24,279803,345936,279306
25,277609,335476,279306
26,278553,335317,277609
27,273871,332247,277609
28,274662,320046,273871
29,274492,325087,273871
30,275034,314432,273871
31,275660,320954,273871
32,273694,317899,273871
33,274343,315665,273694
34,273359,316712,273694
35,274371,319080,273359
36,273533,313008,273359
37,273429,332935,273359
38,273332,313976,273359
39,273150,311383,273332
40,273137,344068,273150
41,273085,321362,273137
42,271345,314934,273085
43,272434,316993,271345
44,271965,312385,271345
45,271897,310862,271345
46,272437,306937,271345
47,271345,309528,271345
48,272232,310364,271345
49,271007,317136,271345
50,271742,308244,271007
51,271733,312102,271007
52,270846,307954,271007
53,271007,306640,270846
54,270846,320741,270846
55,270846,308571,270846
56,270264,301064,270846
57,270264,305266,270264
58,270264,322503,270264
59,270319,305100,270264
60,270181,320003,270264
61,269737,300312,270181
62,269599,298650,269737
63,269715,320546,269599
64,269737,295197,269599
65,269599,311526,269599
66,269599,300374,269599
67,269599,310903,269599
68,269599,299258,269599
69,269516,304596,269599
70,269398,306391,269516
71,269228,300793,269398
72,269378,306777,269228
73,269310,306825,269228
74,269378,298063,269228
75,269228,300978,269228
76,269177,320458,269228
77,269073,290402,269177
78,268995,299908,269073
79,268995,297197,268995
80,268995,299322,268995
81,268995,292250,268995
82,268979,295318,268995
83,268584,294622,268979
84,268183,327245,268584
85,268903,296686,268183
86,268275,299002,268183
87,268751,298644,268183
88,268230,300828,268183
89,268219,298018,268183
90,268183,298864,268183
91,268162,293926,268183
92,268162,308756,268162
93,268162,295150,268162
94,268053,291235,268162
95,268053,296757,268053
96,268053,318761,268053
97,268053,295345,268053
98,268053,303564,268053
99,268016,285554,268053
100,268016,290162,268016
101,268016,299984,268016
102,268016,287754,268016
103,268016,319258,268016
104,268016,294338,268016
105,268016,293172,268016
106,268016,291061,268016
107,268016,315373,268016
108,268016,295930,268016
109,268016,289520,268016
110,268016,283290,268016
111,268016,297676,268016
112,268016,284287,268016
113,268016,288052,268016
114,268016,290574,268016
115,268016,310005,268016
116,268016,280621,268016
117,268016,278826,268016
118,268016,285844,268016
119,268016,275167,268016
120,268016,283541,268016
121,268016,283199,268016
122,268016,295447,268016
123,268016,292059,268016
124,268016,275221,268016
125,268016,298007,268016
126,268016,291269,268016
127,268016,297877,268016
128,268016,292190,268016
129,268016,283706,268016
130,268016,291713,268016
131,268016,305617,268016
132,268016,287258,268016
133,268016,291863,268016
134,268016,294179,268016
135,268016,276991,268016
136,268016,294764,268016
137,268016,302553,268016
138,268016,269830,268016
139,268016,279446,268016
140,268016,295304,268016
141,268016,292973,268016
142,268016,280151,268016
143,268016,289367,268016
144,268016,291892,268016
145,268016,299912,268016
146,268016,283247,268016
147,268016,292165,268016
148,268016,296075,268016
149,268016,294951,268016
150,268016,285237,268016
151,268016,280848,268016
152,268016,293756,268016
153,268016,298089,268016
154,268016,306184,268016
155,268016,277586,268016
156,268016,303803,268016
157,268016,315556,268016
158,268016,282165,268016
159,268016,287922,268016
160,268016,295663,268016
161,268016,285500,268016
162,268016,282394,268016
163,268016,298727,268016
164,268016,291672,268016
165,268016,295572,268016
166,268016,284088,268016
167,268016,294848,268016
168,268016,291264,268016
169,268016,312830,268016
170,268016,288130,268016
171,268016,295234,268016
172,268016,294435,268016
173,268016,289102,268016
174,268016,292713,268016
175,268016,287528,268016
176,268016,290845,268016
177,268016,291020,268016
178,268016,312236,268016
179,268016,304647,268016
180,268016,289644,268016
181,268016,282081,268016
182,268016,278889,268016
183,268016,274998,268016
184,268016,276988,268016
185,268016,268016,268016
186,268016,268016,268016
187,268016,298017,268016
188,268016,292338,268016
189,268016,304266,268016
190,268016,304963,268016
191,268016,285264,268016
192,268016,299377,268016
193,268016,289329,268016
194,268016,326302,268016
195,268016,281802,268016
196,268016,299877,268016
197,268016,312832,268016
198,268016,268016,268016
199,268016,285923,268016
200,268016,289705,268016
201,268016,268016,268016
202,268016,280967,268016
203,268016,288398,268016
204,268016,288950,268016
205,268016,276468,268016
206,268016,297533,268016
207,268016,279556,268016
208,268016,294100,268016
209,268016,317760,268016
210,268016,293424,268016
211,268016,284587,268016
212,268016,277373,268016
213,268016,290942,268016
214,268016,302831,268016
215,268016,292296,268016
216,268016,296411,268016
217,268016,305052,268016
218,268016,302107,268016
219,268016,288414,268016
220,268016,304436,268016
221,268016,270185,268016
222,268016,289258,268016
223,268016,290671,268016
224,268016,281532,268016
225,268016,292261,268016
226,268016,296801,268016
227,268016,295662,268016
228,268016,291684,268016
229,268016,300034,268016
230,268016,298296,268016
231,268016,268016,268016
232,268016,296728,268016
233,268016,274351,268016
234,268016,306683,268016
235,268016,279965,268016
236,268016,284496,268016
237,268016,287990,268016
238,268016,292611,268016
239,268016,292944,268016
240,268016,301462,268016
241,268016,279601,268016
242,268016,288510,268016
243,268016,302482,268016
244,268016,268016,268016
245,268016,300871,268016
246,268016,268016,268016
247,268016,299852,268016
248,268016,287066,268016
249,268016,291960,268016
250,268016,289351,268016
251,268016,292303,268016
252,268016,284337,268016
253,268016,292914,268016
254,268016,288989,268016
255,268016,291362,268016
256,268016,268016,268016
257,268016,288615,268016
258,268016,290575,268016
259,267944,305793,268016
260,267794,312702,267944
261,267794,292702,267794
262,267621,305284,267794
263,267621,304595,267621
264,267621,296233,267621
265,267399,294096,267621
266,267399,290073,267399
267,267399,291770,267399
268,267399,290331,267399
269,267399,289712,267399
270,267399,295934,267399
271,267399,299778,267399
272,267399,295376,267399
273,267399,293626,267399
274,267399,312521,267399
275,267399,293247,267399
276,267399,288556,267399
277,267399,300988,267399
278,267399,289120,267399
279,267399,302129,267399
280,267371,296283,267399
281,267399,305603,267371
282,267399,312480,267371
283,267399,288807,267371
284,267399,300991,267371
285,267399,293254,267371
286,267371,291006,267371
287,267399,293716,267371
288,267342,291531,267371
289,267342,291700,267342
290,267342,294726,267342
291,267342,296027,267342
292,267342,295237,267342
293,267342,307701,267342
294,267342,291907,267342
295,267342,295005,267342
296,267342,294439,267342
297,267342,293403,267342
298,267342,305185,267342
299,267342,294801,267342
300,267342,291524,267342
301,267342,310383,267342
302,267342,289166,267342
303,267342,299339,267342
304,267342,290441,267342
305,267342,291897,267342
306,267342,293150,267342
307,267342,297214,267342
308,267342,319513,267342
309,267342,309765,267342
310,267342,290424,267342
311,267342,294587,267342
312,267342,292589,267342
313,267342,291637,267342
314,267342,297290,267342
315,267342,295209,267342
316,267342,291272,267342
317,267342,293818,267342
318,267342,296284,267342
319,267342,290590,267342
320,267342,294043,267342
321,267342,294959,267342
322,267342,296775,267342
323,267342,290571,267342
324,267179,290828,267342
325,267179,292502,267179
326,267156,300765,267179
327,267179,299072,267156
328,267122,293367,267156
329,267122,297167,267122
330,267122,289702,267122
331,267122,285240,267122
332,267122,288206,267122
333,267122,282224,267122
334,267122,267122,267122
335,267122,295379,267122
336,267122,284076,267122
337,267122,298906,267122
338,267122,300919,267122
339,267122,267122,267122
340,267122,322193,267122
341,267122,282979,267122
342,267122,300310,267122
343,267122,285371,267122
344,267122,272332,267122
345,267122,305784,267122
346,267122,293575,267122
347,267122,300937,267122
348,267122,287724,267122
349,267122,298833,267122
350,267094,307258,267122
351,267094,279322,267094
352,267094,276616,267094
353,267094,287086,267094
354,267094,288433,267094
355,267094,310078,267094
356,267094,306663,267094
357,267094,295572,267094
358,267094,287188,267094
359,267094,283700,267094
360,267094,284945,267094
361,267094,291133,267094
362,267094,279431,267094
363,267094,267265,267094
364,267094,288714,267094
365,267094,280423,267094
366,267094,267094,267094
367,267094,300174,267094
368,267094,267094,267094
369,267094,281780,267094
370,267094,274465,267094
371,267094,292567,267094
372,267094,267094,267094
373,267094,267094,267094
374,267094,286145,267094
375,267094,302663,267094
376,267094,296344,267094
377,267094,267218,267094
378,267094,274464,267094
379,267094,291702,267094
380,267094,297334,267094
381,267094,267438,267094
382,267094,267094,267094
383,267094,308885,267094
384,267094,272466,267094
385,267094,277577,267094
386,267094,267094,267094
387,267094,267094,267094
388,267094,270802,267094
389,267094,315453,267094
390,267094,303610,267094
391,267094,267094,267094
392,267094,267094,267094
393,267094,296249,267094
394,267094,299314,267094
395,267094,267094,267094
396,267094,271385,267094
397,267094,296338,267094
398,267094,287879,267094
399,267094,302811,267094
400,267094,267094,267094
401,267094,298935,267094
402,267094,282170,267094
403,267094,285966,267094
404,267094,267351,267094
405,267094,296032,267094
406,267094,290013,267094
407,267094,267094,267094
408,267094,267094,267094
409,267094,267094,267094
410,267094,296006,267094
411,267094,321219,267094
412,267094,307002,267094
413,267094,267094,267094
414,267094,291989,267094
415,267094,310136,267094
416,267094,278596,267094
417,267094,267094,267094
418,267094,285915,267094
419,267094,297172,267094
420,267094,277214,267094
421,267094,287211,267094
422,267094,267302,267094
423,267094,273296,267094
424,267094,267094,267094
425,267094,290224,267094
426,267094,313467,267094
427,267094,277630,267094
428,267094,267094,267094
429,267094,267094,267094
430,267094,267094,267094
431,267094,267094,267094
432,267094,267094,267094
433,267094,303829,267094
434,267094,267094,267094
435,267094,267094,267094
436,267094,267094,267094
437,267094,267094,267094
438,267094,285693,267094
439,267094,268368,267094
440,267094,280592,267094
441,267094,292009,267094
442,267094,293867,267094
443,267094,280206,267094
444,267094,267094,267094
445,267094,267094,267094
446,267094,298856,267094
447,267094,267094,267094
448,267094,288739,267094
449,267094,267094,267094
450,267094,280443,267094
451,267094,298332,267094
452,267094,267094,267094
453,267094,267386,267094
454,267094,281853,267094
455,267094,267094,267094
456,267094,275337,267094
457,267094,267094,267094
458,267094,283442,267094
459,267094,268368,267094
460,267094,267094,267094
461,267094,293914,267094
462,267094,267094,267094
463,267094,267094,267094
464,267094,296808,267094
465,267094,267094,267094
466,267094,288594,267094
467,267094,267094,267094
468,267094,267094,267094
469,267094,268368,267094
470,267094,286516,267094
471,267094,318044,267094
472,267094,293571,267094
473,267094,267094,267094
474,267094,303085,267094
475,267094,312784,267094
476,267094,296399,267094
477,267094,299520,267094
478,267094,288491,267094
479,267094,267094,267094
480,267094,267094,267094
481,267094,267094,267094
482,267094,267094,267094
483,267094,288667,267094
484,267094,277850,267094
485,267094,268000,267094
486,267094,267094,267094
487,267094,267351,267094
488,267094,296414,267094
489,267094,302149,267094
490,267094,267094,267094
491,267094,267094,267094
492,267094,267094,267094
493,267094,293170,267094
494,267094,267094,267094
495,267094,267094,267094
496,267094,293528,267094
497,267094,269860,267094
498,267094,267378,267094
499,267094,293515,267094
500,267094,300403,267094
501,267094,267094,267094
502,267094,284114,267094
503,267094,267094,267094
504,267094,284951,267094
505,267094,267094,267094
506,267094,297828,267094
507,267094,267094,267094
508,267094,267094,267094
509,267094,267094,267094
510,267094,289231,267094
511,267094,287114,267094
512,267094,267094,267094
513,267094,276636,267094
514,267094,267094,267094
515,267094,267094,267094
516,267094,267094,267094
517,267094,267094,267094
518,267094,277367,267094
519,267094,267094,267094
520,267094,292524,267094
521,267094,267552,267094
522,267094,312111,267094
523,267094,267094,267094
524,267094,277350,267094
525,267094,268294,267094
526,267094,294042,267094
527,267094,281457,267094
528,267094,287610,267094
529,267094,311225,267094
530,267094,267094,267094
531,267094,272656,267094
532,267094,267094,267094
533,267094,267094,267094
534,267094,267094,267094
535,267094,267094,267094
536,267094,283731,267094
537,267094,288604,267094
538,267094,267094,267094
539,267094,301208,267094
540,267094,267335,267094
541,267094,282649,267094
542,267094,293505,267094
543,267094,267094,267094
544,267094,267094,267094
545,267094,292360,267094
546,267094,301036,267094
547,267094,267094,267094
548,267094,267597,267094
549,267094,267094,267094
550,267094,267094,267094
551,267094,267094,267094
552,267094,267386,267094
553,267094,267094,267094
554,267094,294316,267094
555,267094,284104,267094
556,267094,267178,267094
557,267094,267094,267094
558,267094,283720,267094
559,267094,267094,267094
560,267094,290379,267094
561,267094,295950,267094
562,267094,289264,267094
563,267094,292018,267094
564,267094,307286,267094
565,267094,291624,267094
566,267094,299240,267094
567,267094,267094,267094
568,267094,319781,267094
569,267094,267094,267094
570,267094,267094,267094
571,267094,267094,267094
572,267094,283018,267094
573,267094,272483,267094
574,267094,279295,267094
575,267094,303450,267094
576,267094,267094,267094
577,267094,273539,267094
578,267094,296136,267094
579,267094,270930,267094
580,267094,294318,267094
581,267094,276410,267094
582,267094,267094,267094
583,267094,267094,267094
584,267094,296868,267094
585,267094,287437,267094
586,267094,300501,267094
587,267094,267094,267094
588,267094,284682,267094
589,267094,267094,267094
590,267094,267094,267094
591,267094,284000,267094
592,267094,315673,267094
593,267094,297924,267094
594,267094,267094,267094
595,267094,267094,267094
596,267094,301787,267094
597,267094,319325,267094
598,267094,296380,267094
599,267094,267094,267094
600,267094,267378,267094
601,267094,267094,267094
602,267094,267094,267094
603,267094,267094,267094
604,267094,288265,267094
605,267094,267094,267094
606,267094,289145,267094
607,267094,267094,267094
608,267094,270093,267094
609,267094,267094,267094
610,267094,292788,267094
611,267094,273441,267094
612,267094,267094,267094
613,267094,274470,267094
614,267094,267094,267094
615,267094,267094,267094
616,267094,304917,267094
617,267094,308128,267094
618,267094,293058,267094
619,267094,294442,267094
620,267094,267094,267094
621,267094,284735,267094
622,267094,267536,267094
623,267094,306817,267094
624,267094,267094,267094
625,267094,286575,267094
626,267094,267094,267094
627,267094,267094,267094
628,267094,275872,267094
629,267094,268011,267094
630,267094,277958,267094
631,267094,276090,267094
632,267094,293878,267094
633,267094,267094,267094
634,267094,284526,267094
635,267094,287897,267094
636,267094,274983,267094
637,267094,306412,267094
638,267094,299120,267094
639,267094,286765,267094
640,267094,310217,267094
641,267094,285572,267094
642,267094,267094,267094
643,267094,279195,267094
644,267094,278057,267094
645,267094,267094,267094
646,267094,282232,267094
647,267094,267797,267094
648,267094,280724,267094
649,267094,305557,267094
650,267094,267094,267094
651,267094,267579,267094
652,267094,308706,267094
653,267094,281206,267094
654,267094,267094,267094
655,267094,278052,267094
656,267094,308089,267094
657,267094,299583,267094
658,267094,307243,267094
659,267094,287131,267094
660,267094,293479,267094
661,267094,284622,267094
662,267094,267094,267094
663,267094,290026,267094
664,267094,267094,267094
665,267094,300304,267094
666,267094,300399,267094
667,267094,276090,267094
668,267094,285818,267094
669,267094,267094,267094
670,267094,267094,267094
671,267094,315965,267094
672,267094,291286,267094
673,267094,301453,267094
674,267094,293287,267094
675,267094,308207,267094
676,267094,283591,267094
677,267094,267094,267094
678,267094,296374,267094
679,267094,267094,267094
680,267094,286158,267094
681,267094,307513,267094
682,267094,267094,267094
683,267094,285362,267094
684,267094,267094,267094
685,267094,267094,267094
686,267094,267094,267094
687,267094,309269,267094
688,267094,267094,267094
689,267094,267094,267094
690,267094,267094,267094
691,267094,267094,267094
692,267094,267308,267094
693,267094,290755,267094
694,267094,285220,267094
695,267094,282420,267094
696,267094,267094,267094
697,267094,303989,267094
698,267094,286845,267094
699,267094,296095,267094
700,267094,277949,267094
701,267094,267597,267094
702,267094,267094,267094
703,267094,267094,267094
704,267094,314455,267094
705,267094,296752,267094
706,267094,294697,267094
707,267094,299158,267094
708,267094,309043,267094
709,267094,293383,267094
710,267094,267094,267094
711,267094,295973,267094
712,267094,288561,267094
713,267094,290344,267094
714,267094,267094,267094
715,267094,267094,267094
716,267094,267094,267094
717,267094,285318,267094
718,267094,268368,267094
719,267094,278861,267094
720,267094,293893,267094
721,267094,267094,267094
722,267094,290621,267094
723,267094,295864,267094
724,267094,267094,267094
725,267094,289272,267094
726,267094,278536,267094
727,267094,267094,267094
728,267094,267094,267094
729,267094,282391,267094
730,267094,267094,267094
731,267094,267094,267094
732,267094,267094,267094
733,267094,267094,267094
734,267094,267094,267094
735,267094,267094,267094
736,267094,267094,267094
737,267094,293383,267094
738,267094,267094,267094
739,267094,267094,267094
740,267094,267094,267094
741,267094,299858,267094
742,267094,267094,267094
743,267094,301050,267094
744,267094,267094,267094
745,267094,267094,267094
746,267094,315516,267094
747,267094,286161,267094
748,267094,267351,267094
749,267094,267094,267094
750,267094,267094,267094
751,267094,271963,267094
752,267094,267094,267094
753,267094,267581,267094
754,267094,319035,267094
755,267094,283330,267094
756,267094,314469,267094
757,267094,267094,267094
758,267094,277062,267094
759,267094,278574,267094
760,267094,267094,267094
761,267094,312879,267094
762,267094,278403,267094
763,267094,285944,267094
764,267094,289535,267094
765,267094,267094,267094
766,267094,296982,267094
767,267094,268626,267094
768,267094,288994,267094
769,267094,305465,267094
770,267094,276941,267094
771,267094,286540,267094
772,267094,289102,267094
773,267094,279133,267094
774,267094,267094,267094
775,267094,289023,267094
776,267094,297239,267094
777,267094,269561,267094
778,267094,285115,267094
779,267094,272726,267094
780,267094,267094,267094
781,267094,273761,267094
782,267094,267094,267094
783,267094,267094,267094
784,267094,267094,267094
785,267094,274301,267094
786,267094,291291,267094
787,267094,301564,267094
788,267094,267196,267094
789,267094,267094,267094
790,267094,267094,267094
791,267094,289270,267094
792,267094,267094,267094
793,267094,267094,267094
794,267094,285800,267094
795,267094,284872,267094
796,267094,269328,267094
797,267094,290757,267094
798,267094,318371,267094
799,267094,285836,267094
800,267094,313810,267094
801,267094,267094,267094
802,267094,267094,267094
803,267094,292553,267094
804,267094,285518,267094
805,267094,308540,267094
806,267094,287895,267094
807,267094,309100,267094
808,267094,267094,267094
809,267094,267094,267094
810,267094,280594,267094
811,267094,303302,267094
812,267094,271747,267094
813,267094,267094,267094
814,267094,271851,267094
815,267094,277794,267094
816,267094,267094,267094
817,267094,267094,267094
818,267094,308812,267094
819,267094,308877,267094
820,267094,296659,267094
821,267094,278176,267094
822,267094,279611,267094
823,267094,267094,267094
824,267094,296970,267094
825,267094,285221,267094
826,267094,275659,267094
827,267094,267094,267094
828,267094,287332,267094
829,267094,267122,267094
830,267094,267094,267094
831,267094,267094,267094
832,267094,276637,267094
833,267094,286451,267094
834,267094,267094,267094
835,267094,289980,267094
836,267094,315400,267094
837,267094,267094,267094
838,267094,281202,267094
839,267094,305946,267094
840,267094,267094,267094
841,267094,267094,267094
842,267094,267094,267094
843,267094,287469,267094
844,267094,267094,267094
845,267094,267094,267094
846,267094,272728,267094
847,267094,267094,267094
848,267094,296093,267094
849,267094,285033,267094
850,267094,267094,267094
851,267094,267094,267094
852,267094,319931,267094
853,267094,267094,267094
854,267094,301018,267094
855,267094,267094,267094
856,267094,267094,267094
857,267094,273216,267094
858,267094,267094,267094
859,267094,267094,267094
860,267094,288788,267094
861,267094,267094,267094
862,267094,267094,267094
863,267094,291319,267094
864,267094,280219,267094
865,267094,267094,267094
866,267094,267094,267094
867,267094,294554,267094
868,267094,267094,267094
869,267094,267094,267094
870,267094,267094,267094
871,267094,311684,267094
872,267094,294898,267094
873,267094,267094,267094
874,267094,283675,267094
875,267094,287327,267094
876,267094,267094,267094
877,267094,300258,267094
878,267094,267094,267094
879,267094,275372,267094
880,267094,269616,267094
881,267094,267094,267094
882,267094,301770,267094
883,267094,275204,267094
884,267094,285408,267094
885,267094,285597,267094
886,267094,267094,267094
887,267094,267552,267094
888,267094,267094,267094
889,267094,286804,267094
890,267094,282805,267094
891,267094,267094,267094
892,267094,290844,267094
893,267094,293679,267094
894,267094,282984,267094
895,267094,274752,267094
896,267094,299518,267094
897,267094,296450,267094
898,267094,267094,267094
899,267094,300995,267094
900,267094,307691,267094
901,267094,303607,267094
902,267094,323929,267094
903,267094,267094,267094
904,267094,267094,267094
905,267094,267094,267094
906,267094,267094,267094
907,267094,276406,267094
908,267094,295048,267094
909,267094,293472,267094
910,267094,305487,267094
911,267094,267094,267094
912,267094,293165,267094
913,267094,267094,267094
914,267094,297773,267094
915,267094,267094,267094
916,267094,267094,267094
917,267094,302053,267094
918,267094,306814,267094
919,267094,296344,267094
920,267094,319727,267094
921,267094,294229,267094
922,267094,267094,267094
923,267094,267094,267094
924,267094,267094,267094
925,267094,310638,267094
926,267094,282191,267094
927,267094,287489,267094
928,267094,267094,267094
929,267094,290358,267094
930,267094,267094,267094
931,267094,267094,267094
932,267094,285406,267094
933,267094,301338,267094
934,267094,267094,267094
935,267094,267094,267094
936,267094,297251,267094
937,267094,300835,267094
938,267094,267094,267094
939,267094,287001,267094
940,267094,267094,267094
941,267094,278234,267094
942,267094,267094,267094
943,267094,300142,267094
944,267094,293703,267094
945,267094,267094,267094
946,267094,282356,267094
947,267094,267094,267094
948,267094,291424,267094
949,267094,298531,267094
950,267094,267094,267094
951,267094,300481,267094
952,267094,299671,267094
953,267094,273693,267094
954,267094,299908,267094
955,267094,281937,267094
956,267094,267094,267094
957,267094,302335,267094
958,267094,272800,267094
959,267094,291168,267094
960,267094,324324,267094
961,267094,298939,267094
962,267094,282191,267094
963,267094,301120,267094
964,267094,267446,267094
965,267094,279298,267094
966,267094,267094,267094
967,267094,296962,267094
968,267094,273289,267094
969,267094,300948,267094
970,267094,304104,267094
971,267094,311096,267094
972,267094,267386,267094
973,267094,267125,267094
974,267094,284189,267094
975,267094,267094,267094
976,267094,267094,267094
977,267094,269571,267094
978,267094,269873,267094
979,267094,298379,267094
980,267094,302483,267094
981,267094,314013,267094
982,267094,276981,267094
983,267094,267094,267094
984,267094,267094,267094
985,267094,267278,267094
986,267094,295779,267094
987,267094,312826,267094
988,267094,267094,267094
989,267094,267094,267094
990,267094,267094,267094
991,267094,290294,267094
992,267094,289280,267094
993,267094,295353,267094
994,267094,267094,267094
995,267094,298841,267094
996,267094,267333,267094
997,267094,294453,267094
998,267094,267094,267094
999,267094,289715,267094

Precisao,Condicao_Parada,Tempo,Melhor_Fitness
0.9698645420713307,ESTAGNACAO,499,267094

tamanho_populacao,k_individuos_selecao,posicoes_cruzamento,busca_local_profundidade,taxa_busca_local,taxa_cruzamento,taxa_mutacao,taxa_sobrevivencia
100,3,50,0.2,0.7,0.6,0.3
