Geracao,Melhor_Geracao,Pior_Geracao,Melhor_Geral
0,1914880,2022574,1914550
1,1914550,2011582,1914550
2,1917513,2008343,1914550
3,1914880,2010720,1914550
4,1914550,2011450,1914550
5,1920268,2005271,1914550
6,1914550,2011102,1914550
7,1914550,2012304,1914550
8,1909553,2001833,1914550
9,1909553,2002880,1909553
10,1907053,2005036,1909553
11,1907053,2005838,1907053
12,1909553,1992483,1907053
13,1907053,2010178,1907053
14,1909553,2003971,1907053
15,1909553,2008834,1907053
16,1905486,2003436,1907053
17,1904557,1998992,1905486
18,1904557,1998976,1904557
19,1904557,2007435,1904557
20,1904557,1997691,1904557
21,1905486,1988616,1904557
22,1904557,1991992,1904557
23,1904557,1992968,1904557
24,1901823,1998349,1904557
25,1901823,1998331,1901823
26,1900256,1986903,1901823
27,1901823,1990883,1900256
28,1901823,2001612,1900256
29,1895153,1997220,1900256
30,1890118,1999578,1895153
31,1888128,1994842,1890118
32,1895153,1990464,1888128
33,1888128,1997674,1888128
34,1888128,1989527,1888128
35,1890118,1981456,1888128
36,1882398,1979629,1888128
37,1888128,1997808,1882398
38,1888128,2001545,1882398
39,1890118,1970454,1882398
40,1882398,1986408,1882398
41,1882398,1979024,1882398
42,1888128,1981717,1882398
43,1885502,1984107,1882398
44,1882398,1981041,1882398
45,1885502,1979080,1882398
46,1882398,1973382,1882398
47,1881867,1976885,1882398
48,1881867,1975260,1881867
49,1881867,1996159,1881867
50,1882398,1976327,1881867
51,1879772,1964888,1881867
52,1880165,1979207,1879772
53,1881867,1971796,1879772
54,1879772,1975861,1879772
55,1879772,1975602,1879772
56,1876137,1963309,1879772
57,1876137,1956228,1876137
58,1876137,1973144,1876137
59,1876137,1963521,1876137
60,1876137,1968255,1876137
61,1874435,1968995,1876137
62,1874435,1953743,1874435
63,1871877,1976185,1874435
64,1869065,1960521,1871877
65,1874435,1971718,1869065
66,1869065,1974467,1869065
67,1874435,1975885,1869065
68,1871877,1963058,1869065
69,1869065,1963379,1869065
70,1869065,1975882,1869065
71,1871877,1955116,1869065
72,1869065,1948923,1869065
73,1869065,1961201,1869065
74,1865808,1965127,1869065
75,1869065,1963289,1865808
76,1865808,1954673,1865808
77,1869065,1966204,1865808
78,1865808,1961039,1865808
79,1865808,1960202,1865808
80,1865808,1950964,1865808
81,1865808,1967601,1865808
82,1865808,1957169,1865808
83,1865808,1943363,1865808
84,1865808,1956008,1865808
85,1865808,1966303,1865808
86,1863465,1951915,1865808
87,1865808,1972077,1863465
88,1863465,1944145,1863465
89,1863465,1958545,1863465
90,1863465,1949867,1863465
91,1863465,1941498,1863465
92,1863465,1950581,1863465
93,1859937,1951172,1863465
94,1858022,1944091,1859937
95,1859937,1966017,1858022
96,1858022,1956029,1858022
97,1858022,1952925,1858022
98,1855936,1965096,1858022
99,1858022,1939791,1855936
100,1858022,1967218,1855936
101,1858022,1947113,1855936
102,1855936,1938630,1855936
103,1855936,1943563,1855936
104,1855936,1943313,1855936
105,1855936,1939145,1855936
106,1855936,1940030,1855936
107,1854096,1938180,1855936
108,1855936,1955418,1854096
109,1854096,1935710,1854096
110,1853367,1945166,1854096
111,1851281,1946582,1853367
112,1851281,1947732,1851281
113,1854096,1947002,1851281
114,1851281,1947255,1851281
115,1847901,1956105,1851281
116,1851281,1943018,1847901
117,1847901,1935985,1847901
118,1847901,1941622,1847901
119,1847901,1952149,1847901
120,1847901,1943243,1847901
121,1845438,1937219,1847901
122,1847901,1938739,1845438
123,1847901,1924830,1845438
124,1845438,1930696,1845438
125,1847524,1931614,1845438
126,1845438,1937224,1845438
127,1847901,1921732,1845438
128,1845438,1936927,1845438
129,1845438,1942721,1845438
130,1842768,1928532,1845438
131,1845041,1931279,1842768
132,1842768,1933089,1842768
133,1845438,1930378,1842768
134,1842768,1935307,1842768
135,1842768,1932392,1842768
136,1842768,1938454,1842768
137,1840592,1917723,1842768
138,1840592,1942147,1840592
139,1840592,1933066,1840592
140,1840481,1921431,1840592
141,1838208,1928241,1840481
142,1838208,1935737,1838208
143,1838208,1932648,1838208
144,1838208,1927449,1838208
145,1837882,1924982,1838208
146,1837882,1926754,1837882
147,1837882,1946489,1837882
148,1835609,1931830,1837882
149,1835609,1919014,1835609
150,1835609,1927277,1835609
151,1835609,1921679,1835609
152,1835609,1917261,1835609
153,1835609,1934895,1835609
154,1835609,1921134,1835609
155,1835609,1924764,1835609
156,1835609,1932049,1835609
157,1835609,1925804,1835609
158,1835609,1933974,1835609
159,1832344,1925699,1835609
160,1832344,1924880,1832344
161,1832344,1920942,1832344
162,1832344,1923910,1832344
163,1832344,1907486,1832344
164,1832344,1916782,1832344
165,1832344,1930443,1832344
166,1829797,1921613,1832344
167,1832344,1917807,1829797
168,1829797,1920635,1829797
169,1832344,1913590,1829797
170,1829797,1918362,1829797
171,1829797,1914323,1829797
172,1829797,1920857,1829797
173,1829797,1908930,1829797
174,1829797,1923172,1829797
175,1829797,1918627,1829797
176,1829797,1920466,1829797
177,1827666,1926158,1829797
178,1829797,1925365,1827666
179,1829797,1916068,1827666
180,1829797,1919117,1827666
181,1827111,1915155,1827666
182,1827111,1913895,1827111
183,1827666,1923229,1827111
184,1827111,1917061,1827111
185,1824404,1914522,1827111
186,1824404,1913445,1824404
187,1824404,1905490,1824404
188,1825785,1920208,1824404
189,1824404,1919838,1824404
190,1824404,1917226,1824404
191,1823841,1916765,1824404
192,1822523,1919461,1823841
193,1822523,1918045,1822523
194,1822523,1908957,1822523
195,1822523,1922368,1822523
196,1824404,1903676,1822523
197,1822523,1913104,1822523
198,1820518,1912126,1822523
199,1820518,1909765,1820518
200,1822523,1910687,1820518
201,1822523,1908821,1820518
202,1820518,1920263,1820518
203,1820518,1913775,1820518
204,1820518,1915428,1820518
205,1818350,1916257,1820518
206,1818350,1910190,1818350
207,1818350,1911501,1818350
208,1819862,1915940,1818350
209,1818350,1929197,1818350
210,1818350,1907562,1818350
211,1817719,1910418,1818350
212,1815953,1909945,1817719
213,1818350,1908200,1815953
214,1815953,1893358,1815953
215,1815953,1911014,1815953
216,1815953,1905814,1815953
217,1813398,1921570,1815953
218,1813398,1901282,1813398
219,1818350,1908169,1813398
220,1813398,1903342,1813398
221,1813398,1907589,1813398
222,1813398,1900764,1813398
223,1810523,1902553,1813398
224,1810523,1905068,1810523
225,1810523,1903094,1810523
226,1810523,1896416,1810523
227,1810523,1892790,1810523
228,1810523,1905934,1810523
229,1807573,1898934,1810523
230,1810523,1902142,1807573
231,1807573,1909257,1807573
232,1810523,1905780,1807573
233,1807573,1912183,1807573
234,1807573,1901759,1807573
235,1804851,1895706,1807573
236,1807573,1898189,1804851
237,1804851,1895497,1804851
238,1801552,1886487,1804851
239,1804851,1887961,1801552
240,1801552,1897985,1801552
241,1801552,1891107,1801552
242,1801552,1891264,1801552
243,1801552,1897152,1801552
244,1797173,1895023,1801552
245,1797173,1885861,1797173
246,1797173,1891728,1797173
247,1797173,1893771,1797173
248,1797173,1882434,1797173
249,1797173,1900973,1797173
250,1794318,1883167,1797173
251,1797173,1879233,1794318
252,1794318,1875904,1794318
253,1794318,1889091,1794318
254,1794318,1892803,1794318
255,1792406,1894018,1794318
256,1792406,1891134,1792406
257,1792406,1894321,1792406
258,1789615,1883929,1792406
259,1789615,1894530,1789615
260,1787027,1877653,1789615
261,1787027,1886166,1787027
262,1787027,1890997,1787027
263,1784371,1879094,1787027
264,1787027,1885573,1784371
265,1787027,1897501,1784371
266,1784371,1931724,1784371
267,1784371,1890333,1784371
268,1784371,1883782,1784371
269,1784371,1882517,1784371
270,1781983,1876171,1784371
271,1781983,1868564,1781983
272,1781983,1883966,1781983
273,1784371,1891786,1781983
274,1781983,1880322,1781983
275,1781983,1866038,1781983
276,1780050,1892432,1781983
277,1780050,1868329,1780050
278,1781983,1855288,1780050
279,1781983,1874755,1780050
280,1781983,1874755,1780050
281,1781983,1873701,1780050
282,1781983,1874633,1780050
283,1780050,1883173,1780050
284,1780050,1867925,1780050
285,1780050,1872562,1780050
286,1780050,1891103,1780050
287,1777556,1874915,1780050
288,1777556,1865049,1777556
289,1780050,1866184,1777556
290,1777556,1870331,1777556
291,1777556,1873306,1777556
292,1777556,1873738,1777556
293,1775425,1869139,1777556
294,1777556,1863348,1775425
295,1777556,1863430,1775425
296,1775425,1861246,1775425
297,1777556,1858021,1775425
298,1775425,1866674,1775425
299,1775425,1881504,1775425
300,1775425,1863373,1775425
301,1775425,1860107,1775425
302,1775425,1852995,1775425
303,1775425,1866266,1775425
304,1775425,1869163,1775425
305,1773806,1859883,1775425
306,1770550,1876090,1773806
307,1773806,1858562,1770550
308,1770550,1860027,1770550
309,1770550,1858862,1770550
310,1770550,1872041,1770550
311,1770550,1855956,1770550
312,1770550,1857113,1770550
313,1770550,1865204,1770550
314,1769096,1863245,1770550
315,1769096,1855411,1769096
316,1769096,1852748,1769096
317,1769096,1851616,1769096
318,1769096,1856245,1769096
319,1767404,1841498,1769096
320,1767404,1862000,1767404
321,1769096,1849811,1767404
322,1769096,1878335,1767404
323,1767504,1850156,1767404
324,1767504,1856384,1767404
325,1767404,1864901,1767404
326,1767404,1851558,1767404
327,1765456,1864600,1767404
328,1765456,1851615,1765456
329,1767404,1850680,1765456
330,1765209,1868159,1765456
331,1765209,1860624,1765209
332,1765209,1864608,1765209
333,1763153,1861467,1765209
334,1763153,1847007,1763153
335,1763153,1851849,1763153
336,1759736,1847463,1763153
337,1763153,1856260,1759736
338,1763153,1862832,1759736
339,1762661,1848075,1759736
340,1763153,1858295,1759736
341,1763153,1866938,1759736
342,1759736,1868804,1759736
343,1759736,1853740,1759736
344,1759736,1844744,1759736
345,1757602,1852940,1759736
346,1759736,1869406,1757602
347,1759736,1846046,1757602
348,1757602,1860396,1757602
349,1757602,1842442,1757602
350,1755034,1841755,1757602
351,1755034,1849679,1755034
352,1755034,1847637,1755034
353,1755034,1846692,1755034
354,1755034,1851333,1755034
355,1755034,1845926,1755034
356,1755034,1860288,1755034
357,1754720,1860128,1755034
358,1755034,1850244,1754720
359,1754720,1849335,1754720
360,1750318,1837075,1754720
361,1747766,1852179,1750318
362,1747766,1840385,1747766
363,1747766,1829666,1747766
364,1744926,1841148,1747766
365,1746425,1832131,1744926
366,1744926,1863491,1744926
367,1744926,1840111,1744926
368,1744926,1839370,1744926
369,1744926,1839777,1744926
370,1744926,1830720,1744926
371,1741113,1840479,1744926
372,1744926,1837437,1741113
373,1741113,1822186,1741113
374,1741113,1841180,1741113
375,1741113,1832033,1741113
376,1741113,1843876,1741113
377,1741113,1839850,1741113
378,1741113,1853865,1741113
379,1737345,1833256,1741113
380,1741113,1836636,1737345
381,1737345,1841798,1737345
382,1737345,1832091,1737345
383,1737345,1825229,1737345
384,1737345,1832901,1737345
385,1737345,1823272,1737345
386,1737345,1830794,1737345
387,1737345,1827183,1737345
388,1733966,1850458,1737345
389,1733966,1825676,1733966
390,1733966,1825606,1733966
391,1729322,1830648,1733966
392,1733966,1837518,1729322
393,1733966,1816727,1729322
394,1733966,1813441,1729322
395,1733966,1837083,1729322
396,1729322,1833572,1729322
397,1729322,1823057,1729322
398,1729322,1834062,1729322
399,1729322,1816416,1729322
400,1729322,1818127,1729322
401,1726125,1818793,1729322
402,1729322,1826425,1726125
403,1729322,1827210,1726125
404,1726125,1829785,1726125
405,1722778,1819795,1726125
406,1726125,1823157,1722778
407,1726125,1808820,1722778
408,1722778,1809802,1722778
409,1726125,1815477,1722778
410,1722778,1815083,1722778
411,1725297,1820518,1722778
412,1722778,1813294,1722778
413,1722778,1815710,1722778
414,1722778,1822207,1722778
415,1722778,1811905,1722778
416,1722778,1815293,1722778
417,1720423,1824409,1722778
418,1720423,1828716,1720423
419,1720423,1804655,1720423
420,1720423,1813496,1720423
421,1720423,1809153,1720423
422,1720423,1800369,1720423
423,1716685,1808694,1720423
424,1720423,1826047,1716685
425,1716685,1810951,1716685
426,1716685,1812398,1716685
427,1714072,1808466,1716685
428,1714072,1816868,1714072
429,1714072,1814670,1714072
430,1714072,1807761,1714072
431,1711321,1828234,1714072
432,1714072,1807008,1711321
433,1711321,1810387,1711321
434,1711321,1803919,1711321
435,1711321,1819921,1711321
436,1711321,1799834,1711321
437,1711321,1809107,1711321
438,1711321,1794609,1711321
439,1709979,1806083,1711321
440,1708596,1799459,1709979
441,1709979,1799321,1708596
442,1708596,1789535,1708596
443,1708596,1794486,1708596
444,1707720,1805226,1708596
445,1705789,1795374,1707720
446,1708596,1802822,1705789
447,1708857,1808789,1705789
448,1707720,1796600,1705789
449,1705789,1796971,1705789
450,1705789,1801115,1705789
451,1707720,1801625,1705789
452,1705789,1789997,1705789
453,1705789,1797098,1705789
454,1705789,1804518,1705789
455,1705789,1795219,1705789
456,1703474,1787100,1705789
457,1705789,1794293,1703474
458,1705789,1817964,1703474
459,1703474,1798432,1703474
460,1704372,1794847,1703474
461,1703474,1789083,1703474
462,1703474,1792785,1703474
463,1703474,1794687,1703474
464,1703474,1794079,1703474
465,1701670,1794966,1703474
466,1701670,1799156,1701670
467,1701670,1790027,1701670
468,1699552,1796356,1701670
469,1700931,1798320,1699552
470,1700931,1781948,1699552
471,1699552,1809591,1699552
472,1699552,1787526,1699552
473,1699552,1797641,1699552
474,1699030,1786211,1699552
475,1699552,1782456,1699030
476,1699552,1782245,1699030
477,1699552,1795155,1699030
478,1699552,1797408,1699030
479,1699030,1785301,1699030
480,1699030,1785708,1699030
481,1698089,1781875,1699030
482,1698089,1782462,1698089
483,1698089,1785305,1698089
484,1698089,1783487,1698089
485,1699030,1784354,1698089
486,1698089,1791651,1698089
487,1698089,1775919,1698089
488,1698089,1805122,1698089
489,1698089,1793349,1698089
490,1694769,1789094,1698089
491,1694769,1794538,1694769
492,1694769,1801194,1694769
493,1694769,1786611,1694769
494,1693959,1802724,1694769
495,1694769,1791608,1693959
496,1694769,1780255,1693959
497,1693959,1787114,1693959
498,1693959,1782425,1693959
499,1693959,1785489,1693959
500,1693072,1790503,1693959
501,1693072,1774837,1693072
502,1693072,1811321,1693072
503,1693072,1786412,1693072
504,1690612,1783483,1693072
505,1690612,1777140,1690612
506,1693072,1773858,1690612
507,1690612,1781942,1690612
508,1690612,1782846,1690612
509,1689343,1785164,1690612
510,1690612,1765958,1689343
511,1690612,1775257,1689343
512,1687830,1786688,1689343
513,1689343,1769202,1687830
514,1687830,1782426,1687830
515,1688417,1780826,1687830
516,1687138,1765316,1687830
517,1687138,1782344,1687138
518,1687830,1774412,1687138
519,1686598,1777974,1687138
520,1686598,1778069,1686598
521,1686598,1779085,1686598
522,1686598,1769248,1686598
523,1686598,1781930,1686598
524,1686598,1781118,1686598
525,1686598,1774458,1686598
526,1686598,1789158,1686598
527,1686598,1777557,1686598
528,1686598,1775714,1686598
529,1686598,1780400,1686598
530,1686598,1773651,1686598
531,1686598,1775694,1686598
532,1686598,1776112,1686598
533,1686598,1775681,1686598
534,1686598,1771499,1686598
535,1686598,1779184,1686598
536,1686598,1789316,1686598
537,1686598,1788858,1686598
538,1686598,1773106,1686598
539,1686500,1774817,1686598
540,1686500,1779612,1686500
541,1686500,1777419,1686500
542,1686598,1784003,1686500
543,1686598,1784854,1686500
544,1686598,1782671,1686500
545,1686598,1780518,1686500
546,1686500,1775532,1686500
547,1686598,1774845,1686500
548,1686598,1771854,1686500
549,1686500,1772293,1686500
550,1686598,1793024,1686500
551,1686500,1775143,1686500
552,1686500,1774674,1686500
553,1686500,1799071,1686500
554,1686500,1771693,1686500
555,1686500,1775928,1686500
556,1686500,1767848,1686500
557,1686500,1774930,1686500
558,1686500,1783336,1686500
559,1686500,1775230,1686500
560,1686500,1765262,1686500
561,1686500,1769477,1686500
562,1686500,1783923,1686500
563,1686500,1783989,1686500
564,1686500,1795199,1686500
565,1686500,1776265,1686500
566,1686500,1779923,1686500
567,1686500,1782428,1686500
568,1686500,1779532,1686500
569,1686500,1792959,1686500
570,1686500,1771276,1686500
571,1686500,1764869,1686500
572,1686500,1782868,1686500
573,1686500,1774184,1686500
574,1686500,1773652,1686500
575,1686500,1766818,1686500
576,1686500,1777712,1686500
577,1686500,1764998,1686500
578,1686500,1774187,1686500
579,1686500,1769708,1686500
580,1686500,1764616,1686500
581,1686500,1778167,1686500
582,1686500,1779997,1686500
583,1686500,1768278,1686500
584,1686500,1765997,1686500
585,1686500,1775892,1686500
586,1686500,1773127,1686500
587,1686500,1765718,1686500
588,1686500,1765323,1686500
589,1686500,1780413,1686500
590,1686500,1764901,1686500
591,1686500,1767197,1686500
592,1686500,1772985,1686500
593,1686500,1779033,1686500
594,1686500,1785654,1686500
595,1686500,1775837,1686500
596,1686500,1778801,1686500
597,1686447,1780032,1686500
598,1686447,1775803,1686447
599,1686500,1772540,1686447
600,1686447,1771501,1686447
601,1686500,1768334,1686447
602,1686447,1773740,1686447
603,1686500,1774554,1686447
604,1686447,1773247,1686447
605,1686447,1764721,1686447
606,1686447,1790701,1686447
607,1686389,1777627,1686447
608,1686389,1767603,1686389
609,1686447,1772482,1686389
610,1686389,1768405,1686389
611,1686447,1769925,1686389
612,1686389,1767729,1686389
613,1686389,1777668,1686389
614,1686389,1781520,1686389
615,1686447,1778064,1686389
616,1686389,1773928,1686389
617,1686389,1767417,1686389
618,1686389,1799235,1686389
619,1686389,1760137,1686389
620,1686389,1774612,1686389
621,1686389,1785650,1686389
622,1686389,1781832,1686389
623,1686389,1775270,1686389
624,1686389,1770699,1686389
625,1686389,1767874,1686389
626,1686389,1783802,1686389
627,1686389,1767230,1686389
628,1686389,1780031,1686389
629,1686389,1774699,1686389
630,1686389,1774666,1686389
631,1686362,1768490,1686389
632,1686389,1781190,1686362
633,1686362,1784927,1686362
634,1686362,1780375,1686362
635,1686362,1782316,1686362
636,1686362,1786153,1686362
637,1686362,1791861,1686362
638,1686362,1784263,1686362
639,1686362,1778646,1686362
640,1686362,1787649,1686362
641,1686362,1780919,1686362
642,1686362,1773458,1686362
643,1686362,1774273,1686362
644,1686362,1771247,1686362
645,1686362,1766027,1686362
646,1686362,1764817,1686362
647,1686362,1768166,1686362
648,1686362,1764872,1686362
649,1686362,1777241,1686362
650,1686362,1781811,1686362
651,1686362,1772888,1686362
652,1686362,1777538,1686362
653,1686362,1772554,1686362
654,1686362,1777316,1686362
655,1686362,1774681,1686362
656,1686362,1773413,1686362
657,1686362,1767961,1686362
658,1686362,1779900,1686362
659,1686362,1778834,1686362
660,1686362,1773295,1686362
661,1686362,1776703,1686362
662,1686362,1782254,1686362
663,1686362,1774325,1686362
664,1686362,1783554,1686362
665,1686362,1782351,1686362
666,1686362,1773610,1686362
667,1686362,1772726,1686362
668,1686362,1782540,1686362
669,1686362,1788963,1686362
670,1686362,1776402,1686362
671,1686362,1784926,1686362
672,1686362,1783179,1686362
673,1686362,1764809,1686362
674,1686362,1770733,1686362
675,1686362,1778379,1686362
676,1686362,1787631,1686362
677,1686362,1774066,1686362
678,1686362,1777906,1686362
679,1686362,1766978,1686362
680,1686362,1777152,1686362
681,1686362,1774770,1686362
682,1686362,1772638,1686362
683,1686362,1780997,1686362
684,1686362,1765491,1686362
685,1686362,1765511,1686362
686,1686354,1767776,1686362
687,1686354,1775539,1686354
688,1686362,1768197,1686354
689,1686362,1763600,1686354
690,1686183,1775381,1686354
691,1686354,1767813,1686183
692,1686354,1774794,1686183
693,1686354,1766052,1686183
694,1686362,1765032,1686183
695,1686354,1794098,1686183
696,1686354,1776034,1686183
697,1686183,1771961,1686183
698,1686183,1768954,1686183
699,1686354,1783492,1686183
700,1686183,1776078,1686183
701,1686354,1758132,1686183
702,1686183,1782411,1686183
703,1686183,1774293,1686183
704,1686183,1765692,1686183
705,1686183,1773484,1686183
706,1686183,1766046,1686183
707,1686183,1785552,1686183
708,1686183,1778028,1686183
709,1686183,1779494,1686183
710,1686183,1769517,1686183
711,1686183,1774297,1686183
712,1686183,1778301,1686183
713,1686183,1765674,1686183
714,1686183,1769254,1686183
715,1686183,1774240,1686183
716,1686183,1776183,1686183
717,1686183,1777444,1686183
718,1686183,1777302,1686183
719,1686183,1777718,1686183
720,1686183,1769866,1686183
721,1686183,1815028,1686183
722,1686183,1779358,1686183
723,1686183,1774234,1686183
724,1686183,1768857,1686183
725,1686183,1771451,1686183
726,1686183,1774638,1686183
727,1686183,1763765,1686183
728,1686183,1777049,1686183
729,1686183,1781256,1686183
730,1686183,1773237,1686183
731,1686183,1779049,1686183
732,1686183,1773188,1686183
733,1686183,1772113,1686183
734,1686183,1778479,1686183
735,1686183,1778720,1686183
736,1686183,1770707,1686183
737,1686183,1766078,1686183
738,1686183,1774776,1686183
739,1686183,1774335,1686183
740,1686183,1771782,1686183
741,1686183,1778229,1686183
742,1686183,1763812,1686183
743,1686183,1773417,1686183
744,1686183,1774125,1686183
745,1686183,1771753,1686183
746,1686183,1769878,1686183
747,1686183,1768375,1686183
748,1686183,1772213,1686183
749,1686183,1796079,1686183
750,1685570,1784508,1686183
751,1685570,1765493,1685570
752,1685570,1769999,1685570
753,1685548,1770122,1685570
754,1685570,1765780,1685548
755,1685570,1770077,1685548
756,1685570,1779244,1685548
757,1685570,1768035,1685548
758,1685570,1769642,1685548
759,1685570,1782473,1685548
760,1685548,1771371,1685548
761,1685548,1771291,1685548
762,1685548,1764666,1685548
763,1685548,1774828,1685548
764,1685548,1779200,1685548
765,1685548,1775072,1685548
766,1685548,1772001,1685548
767,1685548,1764858,1685548
768,1685548,1772319,1685548
769,1685548,1779625,1685548
770,1685548,1775536,1685548
771,1685548,1778438,1685548
772,1685548,1777338,1685548
773,1685548,1754629,1685548
774,1685548,1778231,1685548
775,1685548,1769168,1685548
776,1685548,1775112,1685548
777,1685548,1780257,1685548
778,1685548,1767941,1685548
779,1685548,1776016,1685548
780,1685548,1770268,1685548
781,1685548,1772511,1685548
782,1685548,1776999,1685548
783,1685548,1773795,1685548
784,1685548,1759262,1685548
785,1685548,1770573,1685548
786,1685548,1766060,1685548
787,1685443,1773775,1685548
788,1685443,1782160,1685443
789,1685548,1820665,1685443
790,1685548,1781572,1685443
791,1685548,1767062,1685443
792,1685548,1777641,1685443
793,1685443,1786096,1685443
794,1685548,1772636,1685443
795,1685443,1775496,1685443
796,1685443,1766074,1685443
797,1685443,1771750,1685443
798,1685443,1765400,1685443
799,1685443,1773199,1685443
800,1685443,1774659,1685443
801,1685443,1781080,1685443
802,1685443,1765582,1685443
803,1685443,1777529,1685443
804,1685443,1774760,1685443
805,1685443,1784764,1685443
806,1685443,1768075,1685443
807,1685443,1775188,1685443
808,1685443,1776310,1685443
809,1685443,1777626,1685443
810,1685443,1778048,1685443
811,1685443,1772930,1685443
812,1685443,1788827,1685443
813,1685443,1774474,1685443
814,1685443,1772863,1685443
815,1685443,1781897,1685443
816,1685443,1782677,1685443
817,1685443,1791403,1685443
818,1685443,1772220,1685443
819,1685443,1775029,1685443
820,1685443,1779177,1685443
821,1685443,1769879,1685443
822,1685443,1775257,1685443
823,1685443,1769690,1685443
824,1685443,1774306,1685443
825,1685443,1776684,1685443
826,1685443,1772480,1685443
827,1685443,1779767,1685443
828,1685443,1764936,1685443
829,1685443,1767689,1685443
830,1685443,1774287,1685443
831,1685443,1801242,1685443
832,1685443,1777784,1685443
833,1685443,1772502,1685443
834,1685443,1777963,1685443
835,1685443,1765089,1685443
836,1685443,1828540,1685443
837,1685443,1778382,1685443
838,1685443,1766339,1685443
839,1685443,1770742,1685443
840,1685443,1766952,1685443
841,1685443,1780833,1685443
842,1685443,1788370,1685443
843,1685443,1777297,1685443
844,1685443,1768899,1685443
845,1685443,1761294,1685443
846,1685436,1775580,1685443
847,1685436,1760021,1685436
848,1685436,1778040,1685436
849,1685436,1787166,1685436
850,1685436,1771186,1685436
851,1685436,1770573,1685436
852,1685436,1763207,1685436
853,1685436,1776639,1685436
854,1685436,1774978,1685436
855,1685436,1777043,1685436
856,1685436,1771069,1685436
857,1685436,1768022,1685436
858,1685436,1770833,1685436
859,1685209,1781589,1685436
860,1685436,1776937,1685209
861,1685436,1779878,1685209
862,1685209,1793692,1685209

Precisao,Condicao_Parada,Tempo,Melhor_Fitness
0.9334652259749384,TEMPO_ESGOTADO,9001,1685209

tamanho_populacao,k_individuos_selecao,posicoes_cruzamento,busca_local_profundidade,taxa_busca_local,taxa_cruzamento,taxa_mutacao,taxa_sobrevivencia
50,3,50,0.1,0.8,0.05,0.6
