Geracao,Melhor_Geracao,Pior_Geracao,Melhor_Geral
0,28059603,32074421,27831230
1,28059603,32332783,27831230
2,27831230,33347227,27831230
3,27831230,32709851,27831230
4,27831230,33281834,27831230
5,27670960,32940971,27831230
6,27831230,32340350,27670960
7,27670960,32675534,27670960
8,27831230,32499180,27670960
9,27831230,32700737,27670960
10,27670960,32028751,27670960
11,27831230,32311019,27670960
12,27670960,32787249,27670960
13,27670960,32787064,27670960
14,27576502,32321928,27670960
15,27576502,32157480,27576502
16,27576502,32384354,27576502
17,27576502,32450962,27576502
18,27576502,32019808,27576502
19,27576502,32051771,27576502
20,27452987,32400348,27576502
21,27452987,33046767,27452987
22,27430263,32556770,27452987
23,27430263,32796655,27430263
24,27430263,31988931,27430263
25,27430263,31995911,27430263
26,27343573,32268218,27430263
27,27320464,32161820,27343573
28,27181852,31605289,27320464
29,27181852,31713605,27181852
30,27181852,31646128,27181852
31,27181852,31873130,27181852
32,27131544,32041013,27181852
33,27024764,32731447,27131544
34,27024764,32342167,27024764
35,27100943,32084406,27024764
36,27024764,31631573,27024764
37,27131544,31565789,27024764
38,27024764,31911871,27024764
39,26960214,32179891,27024764
40,27024764,31664848,26960214
41,26989426,31727736,26960214
42,26960214,31735346,26960214
43,26960214,32219828,26960214
44,26950952,31391788,26960214
45,26950952,31866247,26950952
46,26950952,31921948,26950952
47,26857393,32020990,26950952
48,26636172,31837375,26857393
49,26636172,30897002,26636172
50,26707550,31139295,26636172
51,26777044,31765108,26636172
52,26777044,31405878,26636172
53,26636172,31377266,26636172
54,26636172,31433630,26636172
55,26636172,31854349,26636172
56,26636172,31920386,26636172
57,26636172,31363240,26636172
58,26472110,31070498,26636172
59,26533925,30974959,26472110
60,26381959,31294005,26472110
61,26636172,31208298,26381959
62,26381959,31325708,26381959
63,26381959,31549415,26381959
64,26381959,31133525,26381959
65,26248626,30902467,26381959
66,26248626,31770037,26248626
67,26248626,31222244,26248626
68,26282964,30654073,26248626
69,26262311,31267988,26248626
70,26173916,30697940,26248626
71,26173916,30925458,26173916
72,26228606,31249094,26173916
73,26173916,31020351,26173916
74,26162099,30742019,26173916
75,26162099,31275568,26162099
76,26162099,30624970,26162099
77,26173916,31117047,26162099
78,26173916,31009257,26162099
79,26025853,31100895,26162099
80,26030026,30707359,26025853
81,26030026,30427085,26025853
82,25874740,31023856,26025853
83,25874740,30979999,25874740
84,25878428,30461229,25874740
85,25878428,30857377,25874740
86,25878428,30847227,25874740
87,25878428,30455667,25874740
88,25878428,30562958,25874740
89,25857681,30704536,25874740
90,25787422,30617959,25857681
91,25857681,30668357,25787422
92,25809481,30048747,25787422
93,25787422,30521827,25787422
94,25787422,30266790,25787422
95,25787422,30243344,25787422
96,25787422,30318506,25787422
97,25787422,30061070,25787422
98,25787422,30306256,25787422
99,25736844,30664623,25787422
100,25736844,30115255,25736844
101,25690712,30613605,25736844
102,25543026,30292520,25690712
103,25543026,29961583,25543026
104,25690712,30318147,25543026
105,25690712,29878677,25543026
106,25710537,30000459,25543026
107,25543026,30144341,25543026
108,25543026,30198949,25543026
109,25543026,30519308,25543026
110,25543026,30357059,25543026
111,25543026,30342565,25543026
112,25416437,30793719,25543026
113,25416437,30128776,25416437
114,25416437,30514495,25416437
115,25543026,29986707,25416437
116,25416437,29973042,25416437
117,25416437,29743929,25416437
118,25321315,29535317,25416437
119,25321315,29487785,25321315
120,25321315,30078472,25321315
121,25321315,29824256,25321315
122,25321315,30276316,25321315
123,25321315,29714143,25321315
124,25321315,30322930,25321315
125,25321315,29539517,25321315
126,25321315,30232536,25321315
127,25249303,29892991,25321315
128,25249303,29542900,25249303
129,25111580,30001052,25249303
130,25111580,29490776,25111580
131,25249303,29665556,25111580
132,25111580,29664668,25111580
133,25111580,29564778,25111580
134,24924064,29913632,25111580
135,25111580,29696943,24924064
136,24924064,29698287,24924064
137,25041310,29838902,24924064
138,24924064,29457843,24924064
139,24924064,29266228,24924064
140,24924064,29602317,24924064
141,24924064,29807156,24924064
142,24884647,29506320,24924064
143,24882778,29608042,24884647
144,24884647,29442962,24882778
145,24884647,29830169,24882778
146,24884647,29583154,24882778
147,24884647,29478855,24882778
148,24884647,29710429,24882778
149,24884647,29272436,24882778
150,24884647,29314854,24882778
151,24884647,29794894,24882778
152,24882778,29691222,24882778
153,24884647,29266874,24882778
154,24882778,29506419,24882778
155,24884647,29263130,24882778
156,24882778,29080141,24882778
157,24882778,29371698,24882778
158,24882778,29856665,24882778
159,24882778,29682120,24882778
160,24882778,29990612,24882778
161,24882778,29550339,24882778
162,24882778,29951956,24882778
163,24861140,29729475,24882778
164,24882778,29415137,24861140
165,24882778,29252237,24861140
166,24861140,29544072,24861140
167,24861140,29613126,24861140
168,24882778,29258908,24861140
169,24861140,29470766,24861140
170,24861140,29329490,24861140
171,24861140,29703422,24861140
172,24861140,29471623,24861140
173,24861140,29862307,24861140
174,24861140,29458208,24861140
175,24861140,29442420,24861140
176,24861140,29278495,24861140
177,24861140,29762575,24861140
178,24861140,29597988,24861140
179,24861140,29641846,24861140
180,24861140,29440362,24861140
181,24861140,29716278,24861140
182,24861140,29382858,24861140
183,24861140,29909406,24861140
184,24861140,29373538,24861140
185,24861140,29571047,24861140
186,24861140,29408580,24861140
187,24861140,29343149,24861140
188,24861140,29696709,24861140
189,24861140,29209796,24861140
190,24861140,29581984,24861140
191,24861140,29572576,24861140
192,24861140,29003723,24861140
193,24861140,29318675,24861140
194,24861140,29382919,24861140
195,24861140,29369252,24861140
196,24861140,29487644,24861140
197,24861140,29727339,24861140
198,24861140,29460451,24861140
199,24861140,29418373,24861140
200,24861140,29342726,24861140
201,24861140,29373642,24861140
202,24861140,29407797,24861140
203,24861140,29667820,24861140
204,24861140,29525243,24861140
205,24861140,29477862,24861140
206,24861140,29326348,24861140
207,24861140,29385182,24861140
208,24861140,29323606,24861140
209,24861140,29611911,24861140
210,24861140,29443426,24861140
211,24861140,29019185,24861140
212,24861140,29111137,24861140
213,24861140,29346823,24861140
214,24861140,29657525,24861140
215,24861140,29928835,24861140
216,24861140,29728989,24861140
217,24861140,29115022,24861140
218,24861140,29449275,24861140
219,24861140,29147751,24861140
220,24861140,29365287,24861140
221,24861140,29300067,24861140
222,24861140,29531168,24861140
223,24861140,28976203,24861140
224,24861140,29552272,24861140
225,24861123,29554336,24861140
226,24861140,29649495,24861123
227,24854693,29857886,24861123
228,24861140,29453240,24854693
229,24854693,29678186,24854693
230,24861140,29408325,24854693
231,24855874,29889460,24854693
232,24861140,29708066,24854693
233,24854693,29816239,24854693
234,24854693,29163434,24854693
235,24854693,29599918,24854693
236,24854693,30157617,24854693
237,24854693,29684450,24854693
238,24854693,29853542,24854693
239,24828051,29523321,24854693
240,24844116,29461558,24828051
241,24854491,29154156,24828051
242,24854491,29576137,24828051
243,24854491,29692048,24828051
244,24828051,29642873,24828051
245,24830731,29761865,24828051
246,24828051,29572555,24828051
247,24828051,29466547,24828051
248,24828051,29200508,24828051
249,24828051,29512856,24828051
250,24828051,29281204,24828051
251,24828051,29456407,24828051
252,24827465,29492906,24828051
253,24828051,29473582,24827465
254,24827465,29222033,24827465
255,24827465,29304270,24827465
256,24827465,29281787,24827465
257,24827465,29792978,24827465
258,24827465,29414101,24827465
259,24827465,29152042,24827465
260,24827465,29431916,24827465
261,24827465,29111277,24827465
262,24827465,30068838,24827465
263,24827465,29481228,24827465
264,24827424,29431278,24827465
265,24827465,29212947,24827424
266,24827465,29860378,24827424
267,24827424,29362119,24827424
268,24827424,29532308,24827424
269,24827424,29510605,24827424
270,24827424,29595795,24827424
271,24827424,29991860,24827424
272,24827465,30039694,24827424
273,24827465,29711402,24827424
274,24827424,29364430,24827424
275,24827424,29221510,24827424
276,24827424,29427940,24827424
277,24827424,29042022,24827424
278,24821663,29152332,24827424
279,24821663,28886107,24821663
280,24827424,28983589,24821663
281,24825683,29593637,24821663
282,24827424,28920288,24821663
283,24827424,29226497,24821663
284,24825683,29041484,24821663
285,24825683,29267811,24821663
286,24825683,29801691,24821663
287,24825683,29120195,24821663
288,24825683,29225000,24821663
289,24825683,29503539,24821663
290,24825683,29817646,24821663
291,24821663,28940994,24821663
292,24824952,28984094,24821663
293,24825683,29260633,24821663
294,24821663,29336177,24821663
295,24821663,29481894,24821663
296,24821663,29852122,24821663
297,24821663,29645108,24821663
298,24821663,29994291,24821663
299,24821663,29304943,24821663
300,24821663,29212620,24821663
301,24821663,29496956,24821663
302,24821663,29112358,24821663
303,24821663,28876462,24821663
304,24821663,29321338,24821663
305,24821663,29193074,24821663
306,24821663,29130446,24821663
307,24821663,29543295,24821663
308,24821663,29362661,24821663
309,24820031,29191547,24821663
310,24821663,29552427,24820031
311,24821663,29515697,24820031
312,24821663,30014078,24820031
313,24821663,30232820,24820031
314,24820031,29782133,24820031
315,24821663,29670781,24820031
316,24821663,29399751,24820031
317,24820031,29684825,24820031
318,24820031,29167574,24820031
319,24820031,29426554,24820031
320,24820031,29112472,24820031
321,24820031,29065523,24820031
322,24820031,28901251,24820031
323,24820031,29070526,24820031
324,24820031,29035899,24820031
325,24820031,29574500,24820031
326,24820031,29423988,24820031
327,24820031,29141531,24820031
328,24820031,28963138,24820031
329,24820031,29551487,24820031
330,24820031,29115886,24820031
331,24820031,29601477,24820031
332,24820031,29353310,24820031
333,24820031,28921070,24820031
334,24820031,29472749,24820031
335,24820031,29540099,24820031
336,24820031,29400302,24820031
337,24820031,29399077,24820031
338,24820031,29791874,24820031
339,24820031,29883928,24820031
340,24820031,30046954,24820031
341,24820031,29518904,24820031
342,24820031,29535319,24820031
343,24814503,29620083,24820031
344,24820031,29705473,24814503
345,24820031,29709001,24814503
346,24820031,29358772,24814503
347,24820031,29301004,24814503
348,24820031,29682956,24814503
349,24814601,29385857,24814503
350,24820031,29677864,24814503
351,24814601,29508447,24814503
352,24814503,29623777,24814503
353,24814503,29311657,24814503
354,24814503,29159058,24814503
355,24814503,29667938,24814503
356,24814503,29841225,24814503
357,24814503,29742179,24814503
358,24814503,29493632,24814503
359,24814503,29251881,24814503
360,24814503,29366770,24814503
361,24814503,29398618,24814503
362,24814503,29137992,24814503
363,24814503,29331385,24814503
364,24814503,29344082,24814503
365,24814503,29744411,24814503
366,24814503,29261899,24814503
367,24814503,29662398,24814503
368,24814503,29212066,24814503
369,24814503,29413952,24814503
370,24814503,29419574,24814503
371,24814503,29268874,24814503
372,24814503,29767398,24814503
373,24814503,29392510,24814503
374,24814503,29623941,24814503
375,24814503,29796944,24814503
376,24814503,29296234,24814503
377,24814503,29297346,24814503
378,24814503,29880796,24814503
379,24814503,29844075,24814503
380,24814503,29562792,24814503
381,24814503,29367297,24814503
382,24814503,29454581,24814503
383,24814503,29186948,24814503
384,24814503,29400341,24814503
385,24814503,29056843,24814503
386,24814503,29150247,24814503
387,24814503,29499738,24814503
388,24814503,29899839,24814503
389,24814503,29722847,24814503
390,24814503,29551360,24814503
391,24814503,29227663,24814503
392,24814503,29343564,24814503
393,24814503,29413902,24814503
394,24814503,29099282,24814503
395,24814315,29113923,24814503
396,24814503,28998208,24814315
397,24814315,28993743,24814315
398,24814503,29684937,24814315
399,24793354,29700103,24814315
400,24814315,29044983,24793354
401,24804618,30883403,24793354
402,24804618,29252924,24793354
403,24814315,29232383,24793354
404,24814315,29121781,24793354
405,24814315,30125301,24793354
406,24780869,29317093,24793354
407,24780869,29813927,24780869
408,24780869,29240851,24780869
409,24780869,28941212,24780869
410,24809020,29613314,24780869
411,24780869,28974156,24780869
412,24780869,29269403,24780869
413,24780869,29560891,24780869
414,24780869,29425322,24780869
415,24780869,29208150,24780869
416,24780869,29696289,24780869
417,24780869,29848973,24780869
418,24780869,29262405,24780869
419,24780869,29583647,24780869
420,24780869,29352866,24780869
421,24780869,29653294,24780869
422,24780869,29495793,24780869
423,24780869,29170071,24780869
424,24780869,29306197,24780869
425,24780869,29327568,24780869
426,24780869,28807690,24780869
427,24780869,29476558,24780869
428,24780869,29076873,24780869
429,24780869,29247580,24780869
430,24780869,29478533,24780869
431,24780869,29183780,24780869
432,24780869,29875827,24780869
433,24780869,29319197,24780869
434,24780869,28893385,24780869
435,24780869,29397606,24780869
436,24780869,29684927,24780869
437,24780869,29167089,24780869
438,24780869,29608491,24780869
439,24780869,29274677,24780869
440,24780869,29303746,24780869
441,24779237,28868634,24780869
442,24780869,29267181,24779237
443,24780869,29561901,24779237
444,24779237,29303906,24779237
445,24779237,29231196,24779237
446,24778128,29474793,24779237
447,24780869,29342741,24778128
448,24780869,28809004,24778128
449,24779237,28827934,24778128
450,24776557,29556495,24778128
451,24776557,29226823,24776557
452,24776557,29511648,24776557
453,24776557,29598125,24776557
454,24776557,29613474,24776557
455,24776557,29949218,24776557
456,24776557,29618995,24776557
457,24776557,29546891,24776557
458,24776557,29078669,24776557
459,24776557,29432775,24776557
460,24776557,28870491,24776557
461,24776557,29071391,24776557
462,24776557,29087710,24776557
463,24776557,30048543,24776557
464,24776557,29635459,24776557
465,24776557,30206405,24776557
466,24776557,29778200,24776557
467,24776557,29806482,24776557
468,24776557,29068216,24776557
469,24776557,29992019,24776557
470,24776557,29464884,24776557
471,24776557,29446969,24776557
472,24776557,29702542,24776557
473,24776557,29732722,24776557
474,24776557,29652959,24776557
475,24776557,29702472,24776557
476,24776557,29940887,24776557
477,24766479,29577213,24776557
478,24766479,28939577,24766479
479,24766479,28967000,24766479
480,24766479,29281964,24766479
481,24766479,29078809,24766479
482,24766479,29647748,24766479
483,24776557,29263621,24766479
484,24766479,29486340,24766479
485,24766479,29209858,24766479
486,24766479,29650504,24766479
487,24766479,29090395,24766479
488,24766479,28891492,24766479
489,24766479,29328042,24766479
490,24766479,28936622,24766479
491,24766479,29127045,24766479
492,24766479,29026251,24766479
493,24765179,28904922,24766479
494,24766479,29204985,24765179
495,24766479,29914911,24765179
496,24766479,29310695,24765179
497,24766479,29864250,24765179
498,24766479,29495949,24765179
499,24766479,29158341,24765179
500,24765179,28854890,24765179
501,24765179,28849112,24765179
502,24766479,29215032,24765179
503,24765179,29270851,24765179
504,24764823,29275660,24765179
505,24765179,29025702,24764823
506,24765179,29228186,24764823
507,24764823,29323492,24764823
508,24765179,28943329,24764823
509,24765663,29371736,24764823
510,24765179,28716309,24764823
511,24765179,30422186,24764823
512,24765179,29032325,24764823
513,24764823,29069195,24764823
514,24765179,30422458,24764823
515,24764063,29335536,24764823
516,24764823,29378947,24764063
517,24764063,29214685,24764063
518,24764823,29637983,24764063
519,24764823,29152266,24764063
520,24764063,28984460,24764063
521,24764063,28911435,24764063
522,24764063,30514687,24764063
523,24764063,30048695,24764063
524,24764063,29222826,24764063
525,24764063,29019041,24764063
526,24764063,29428003,24764063
527,24764063,29610232,24764063
528,24764063,29415751,24764063
529,24764063,28960518,24764063
530,24764063,28956894,24764063
531,24764063,29163671,24764063
532,24764063,28952107,24764063
533,24764063,29832920,24764063
534,24764063,29261771,24764063
535,24764063,29257417,24764063
536,24764063,29156363,24764063
537,24764063,29191042,24764063
538,24764063,28953592,24764063
539,24764063,28983403,24764063
540,24764063,29346327,24764063
541,24764063,29284182,24764063
542,24764063,29912238,24764063
543,24764063,29538726,24764063
544,24764063,29255935,24764063
545,24764063,29735810,24764063
546,24764063,29815692,24764063
547,24764063,29690662,24764063
548,24764063,29724535,24764063
549,24764063,29123659,24764063
550,24764063,29329721,24764063
551,24764063,29747000,24764063
552,24764063,29236195,24764063
553,24764063,29066980,24764063
554,24764063,29468847,24764063
555,24764063,29447860,24764063
556,24764063,29672392,24764063
557,24764063,29507351,24764063
558,24764063,29424544,24764063
559,24764063,29723422,24764063
560,24764063,29521262,24764063
561,24764063,28980510,24764063
562,24764063,28924242,24764063
563,24764063,28899196,24764063
564,24764063,29240099,24764063
565,24764063,29385336,24764063
566,24764063,29466272,24764063
567,24764063,29400839,24764063
568,24764063,29323547,24764063
569,24762406,28968568,24764063
570,24764063,29239544,24762406
571,24762406,28814667,24762406
572,24762406,29307952,24762406
573,24762406,30036610,24762406
574,24764063,29066000,24762406
575,24762406,29447297,24762406
576,24762406,29302448,24762406
577,24762406,29335542,24762406
578,24762406,29234114,24762406
579,24762406,29164798,24762406
580,24762406,28882017,24762406
581,24762406,29324105,24762406
582,24762406,29256931,24762406
583,24762406,29267649,24762406
584,24762406,29110929,24762406
585,24762406,29289727,24762406
586,24762406,29285699,24762406
587,24762406,29109704,24762406
588,24762406,29410332,24762406
589,24762406,29521450,24762406
590,24762406,29405430,24762406
591,24762406,29618919,24762406
592,24762406,28942344,24762406
593,24762406,29509744,24762406
594,24752362,29370057,24762406
595,24762406,29990388,24752362
596,24762406,28821237,24752362
597,24762406,29141562,24752362
598,24752362,29255213,24752362
599,24762406,29292663,24752362
600,24762406,29691827,24752362
601,24762406,29283311,24752362
602,24752362,29312713,24752362
603,24762406,29221977,24752362
604,24752362,30142896,24752362
605,24752362,29135987,24752362
606,24752362,29903981,24752362
607,24752362,29647069,24752362
608,24752362,29978239,24752362
609,24752362,29166417,24752362
610,24752362,28913291,24752362
611,24752362,29282072,24752362
612,24752362,29317672,24752362
613,24752362,29224398,24752362
614,24752362,29133681,24752362
615,24752362,29282865,24752362
616,24752362,29186794,24752362
617,24752362,29161748,24752362
618,24752362,28880333,24752362
619,24752362,29460057,24752362
620,24752362,29552287,24752362
621,24752362,29050076,24752362
622,24752362,29433766,24752362
623,24752362,28849736,24752362
624,24752362,28570323,24752362
625,24752362,29388482,24752362
626,24752362,29340560,24752362
627,24752362,29684143,24752362
628,24752362,29070243,24752362
629,24752362,29376545,24752362
630,24752362,29296476,24752362
631,24752362,29524862,24752362
632,24752362,29611938,24752362
633,24752362,29190670,24752362
634,24752362,29169668,24752362
635,24752362,29943112,24752362
636,24752362,29128505,24752362
637,24752362,29503847,24752362
638,24752362,29250008,24752362
639,24752362,29907818,24752362
640,24752362,29900711,24752362
641,24747062,29506004,24752362
642,24752362,29607811,24747062
643,24747062,28974028,24747062
644,24752362,29513757,24747062
645,24752362,29346798,24747062
646,24752362,29302553,24747062
647,24752362,29926113,24747062
648,24752362,29655630,24747062
649,24747062,29128627,24747062
650,24749832,29059709,24747062
651,24747062,29157402,24747062
652,24747062,29154084,24747062
653,24747062,29813737,24747062
654,24747062,29168057,24747062
655,24747062,29177133,24747062
656,24747062,29009622,24747062
657,24747062,29070034,24747062
658,24747062,29290715,24747062
659,24747062,29839863,24747062
660,24747062,29409526,24747062
661,24747062,29092737,24747062
662,24747062,29377540,24747062
663,24747062,28821693,24747062
664,24747062,29140360,24747062
665,24747062,29210665,24747062
666,24747062,29439937,24747062
667,24747062,29304907,24747062
668,24747062,29538904,24747062
669,24743623,29578930,24747062
670,24743623,29275897,24743623
671,24743623,29413095,24743623
672,24747062,29224751,24743623
673,24747062,29244520,24743623
674,24743623,28925232,24743623
675,24743623,29200861,24743623
676,24743623,29574070,24743623
677,24743623,29565089,24743623
678,24743623,29372763,24743623
679,24743623,29719788,24743623
680,24743623,30146291,24743623
681,24743623,29410852,24743623
682,24743623,29199266,24743623
683,24743623,29304365,24743623
684,24743623,29589164,24743623
685,24743623,29766390,24743623
686,24743623,29100161,24743623
687,24743623,29030693,24743623
688,24743623,29275237,24743623
689,24743623,29019010,24743623
690,24743623,29484763,24743623
691,24743623,29545020,24743623
692,24743623,29174759,24743623
693,24739021,29349882,24743623
694,24739021,29471464,24739021
695,24739021,28805048,24739021
696,24739021,29388380,24739021
697,24739021,29003023,24739021
698,24739021,29335262,24739021
699,24739021,30128988,24739021
700,24739021,29473195,24739021
701,24739021,29367843,24739021
702,24739021,29592948,24739021
703,24739021,29317534,24739021
704,24739021,28946285,24739021
705,24739021,29374783,24739021
706,24739021,29543575,24739021
707,24739021,29419388,24739021
708,24739021,29591239,24739021
709,24739021,29518448,24739021
710,24739021,29362337,24739021
711,24739021,29717147,24739021
712,24738962,29294599,24739021
713,24739021,29142252,24738962
714,24739021,29074731,24738962
715,24735332,29275581,24738962
716,24738962,29414235,24735332
717,24739021,29133066,24735332
718,24738962,29862055,24735332
719,24735332,28931440,24735332
720,24738962,28898990,24735332
721,24739021,29517735,24735332
722,24738962,29154299,24735332
723,24738962,29019773,24735332
724,24738962,29198588,24735332
725,24738962,29088380,24735332
726,24738962,29131674,24735332
727,24738962,29002047,24735332
728,24738962,29661420,24735332
729,24738962,29188497,24735332
730,24735332,28991917,24735332
731,24735332,28979582,24735332
732,24735332,29642724,24735332
733,24735332,29434866,24735332
734,24735332,28951597,24735332
735,24735332,28782813,24735332
736,24735332,29011261,24735332
737,24735332,29473535,24735332
738,24735332,29203446,24735332
739,24735332,29424904,24735332
740,24735332,29122565,24735332
741,24735332,29381086,24735332
742,24735332,29394303,24735332
743,24735332,29155555,24735332
744,24735332,28812520,24735332
745,24735332,29036214,24735332
746,24735332,29587313,24735332
747,24735332,29384277,24735332
748,24735332,29563773,24735332
749,24735332,28870614,24735332
750,24735332,29268296,24735332
751,24735332,29082389,24735332
752,24735332,28751480,24735332
753,24735332,28978204,24735332
754,24735332,29635078,24735332
755,24735332,29408193,24735332
756,24735332,29085533,24735332
757,24735332,29379412,24735332
758,24735332,29633896,24735332
759,24735332,29774042,24735332
760,24735332,29386194,24735332
761,24735332,30154936,24735332
762,24735332,29448777,24735332
763,24735332,29374221,24735332
764,24735332,29211343,24735332
765,24735332,29195142,24735332
766,24735332,29671040,24735332
767,24735332,29782338,24735332
768,24735332,29596849,24735332
769,24735332,29201198,24735332
770,24735332,29753954,24735332
771,24734516,29398223,24735332
772,24735332,29313066,24734516
773,24733676,29628141,24734516
774,24734516,29757686,24733676
775,24733676,29286120,24733676
776,24734516,29521774,24733676
777,24734516,29718729,24733676
778,24735332,29477361,24733676
779,24734516,29567237,24733676
780,24733676,29471931,24733676
781,24733676,31672283,24733676
782,24733676,29128549,24733676
783,24733676,29088586,24733676
784,24733676,29167336,24733676
785,24733676,28928492,24733676
786,24733676,29383947,24733676
787,24733676,29189203,24733676
788,24733676,28892546,24733676
789,24733676,29218453,24733676
790,24733676,28858083,24733676
791,24733676,28965419,24733676
792,24733676,29165907,24733676
793,24733676,28833562,24733676
794,24733676,28780673,24733676
795,24733676,29076074,24733676
796,24733676,29465591,24733676
797,24733676,29357868,24733676
798,24733676,28945223,24733676
799,24733676,29460505,24733676
800,24733676,28903323,24733676
801,24733676,29208189,24733676
802,24733676,29252837,24733676
803,24733676,29052331,24733676
804,24733676,29132699,24733676
805,24733676,28948752,24733676
806,24733676,29692826,24733676
807,24733676,29379453,24733676
808,24729815,29289182,24733676
809,24729815,29519102,24729815
810,24729815,28965848,24729815
811,24729815,29275874,24729815
812,24729815,29191572,24729815
813,24729815,28953634,24729815
814,24729815,29484807,24729815
815,24729815,28781649,24729815
816,24729815,29356186,24729815
817,24729815,29461596,24729815
818,24729815,28888214,24729815
819,24729815,29131788,24729815
820,24729815,29690439,24729815
821,24729815,29433369,24729815
822,24729815,29762265,24729815
823,24729815,30004901,24729815
824,24729815,29158397,24729815
825,24729815,30534396,24729815
826,24729815,29375348,24729815
827,24729815,28892804,24729815
828,24729815,29231752,24729815
829,24729815,29383081,24729815
830,24729815,29371089,24729815
831,24729815,29789708,24729815
832,24729815,29409875,24729815
833,24729815,29486616,24729815
834,24729815,29353719,24729815
835,24729815,29525383,24729815
836,24729815,29286254,24729815
837,24729815,30040024,24729815
838,24729815,29455207,24729815
839,24729815,29315967,24729815
840,24729815,29758005,24729815
841,24729815,29895324,24729815
842,24729815,29235447,24729815
843,24727343,29657117,24729815
844,24729815,29400983,24727343
845,24727343,29310162,24727343
846,24729815,29054922,24727343
847,24727343,28657405,24727343
848,24727343,29230124,24727343
849,24727343,29163816,24727343
850,24727343,29379213,24727343
851,24727343,29131306,24727343
852,24727343,29348901,24727343
853,24727343,29066524,24727343
854,24727343,29059664,24727343
855,24727343,29060413,24727343
856,24727343,28900380,24727343
857,24727343,29263591,24727343
858,24727343,29483231,24727343
859,24727343,29198292,24727343
860,24727343,29366580,24727343
861,24727343,28966705,24727343
862,24727343,28953475,24727343
863,24727343,29402122,24727343
864,24727343,29675696,24727343
865,24727343,29240464,24727343
866,24727343,29154781,24727343
867,24727343,29384411,24727343
868,24727343,29172736,24727343
869,24727343,29425927,24727343
870,24727343,29311139,24727343
871,24727343,29354729,24727343
872,24727343,29555373,24727343
873,24727343,29486177,24727343
874,24727343,29651735,24727343
875,24727343,29327731,24727343
876,24727343,28918685,24727343
877,24727343,29427664,24727343
878,24727343,29090346,24727343
879,24727343,29470492,24727343
880,24727343,29219773,24727343
881,24727343,29058987,24727343
882,24727343,28679511,24727343
883,24724871,29982123,24727343
884,24727343,29190160,24724871
885,24724871,29161978,24724871
886,24727343,29227302,24724871
887,24724871,30130711,24724871
888,24724871,29043629,24724871
889,24724871,29041268,24724871
890,24724871,29366822,24724871
891,24724871,29660709,24724871
892,24724871,29481967,24724871
893,24724871,29200687,24724871
894,24724871,29691324,24724871
895,24724871,29480624,24724871
896,24724871,29262439,24724871
897,24724871,29209980,24724871
898,24723343,29396842,24724871
899,24705882,29083808,24723343
900,24724871,28951051,24705882
901,24723343,29220311,24705882
902,24705882,29408911,24705882
903,24724871,28906649,24705882
904,24705882,29579276,24705882
905,24723343,29114939,24705882
906,24705882,29510770,24705882
907,24705882,29666131,24705882
908,24705882,29166089,24705882
909,24705882,28919893,24705882
910,24705882,29003714,24705882
911,24705882,29082454,24705882
912,24705882,29085040,24705882
913,24705882,29105653,24705882
914,24705882,29390135,24705882
915,24705882,29287351,24705882
916,24705882,29172916,24705882
917,24705882,28803582,24705882
918,24705882,28764889,24705882
919,24705882,29143321,24705882
920,24696690,29048706,24705882
921,24705882,29428068,24696690
922,24705882,29534080,24696690
923,24705882,29262643,24696690
924,24705882,29027825,24696690
925,24705882,29454002,24696690
926,24705882,29439726,24696690
927,24696690,29042704,24696690
928,24705882,29245505,24696690
929,24705882,29528200,24696690
930,24690625,29601804,24696690
931,24690625,29236295,24690625
932,24696690,29272156,24690625
933,24705882,28690638,24690625
934,24696690,29375162,24690625
935,24690625,29279461,24690625
936,24690625,29330437,24690625
937,24690625,29090180,24690625
938,24690625,29516232,24690625
939,24690625,29404010,24690625
940,24690625,28831136,24690625
941,24690625,28983813,24690625
942,24690625,29156826,24690625
943,24690625,29562334,24690625
944,24690625,29477608,24690625
945,24690625,29689200,24690625
946,24690625,30165076,24690625
947,24690625,29006393,24690625
948,24690625,28778187,24690625
949,24690625,29366296,24690625
950,24676651,29204755,24690625
951,24676651,29182241,24676651
952,24676651,29047379,24676651
953,24690625,29010246,24676651
954,24676651,29616126,24676651
955,24676651,29264620,24676651
956,24676651,30401161,24676651
957,24676651,29079110,24676651
958,24676651,29161077,24676651
959,24676651,29636941,24676651
960,24676651,29444026,24676651
961,24676651,29557419,24676651
962,24675716,29547784,24676651
963,24675716,28848629,24675716
964,24672428,29086381,24675716
965,24672428,29508105,24672428
966,24672428,29067418,24672428
967,24675716,29446834,24672428
968,24675716,29045850,24672428
969,24672428,28604852,24672428
970,24672428,28797400,24672428
971,24672428,29087573,24672428
972,24672428,29329794,24672428
973,24672428,28965793,24672428
974,24672428,29050324,24672428
975,24672428,28576561,24672428
976,24672428,28918995,24672428
977,24672428,29501468,24672428
978,24672428,29641436,24672428
979,24672428,29810146,24672428
980,24672428,29199691,24672428
981,24672428,28926469,24672428
982,24672428,29023342,24672428
983,24672428,28955460,24672428
984,24672428,29282585,24672428
985,24672428,29066779,24672428
986,24672428,29376493,24672428
987,24672428,29603059,24672428
988,24671612,29444275,24672428
989,24670816,29268389,24671612
990,24670816,29099010,24670816
991,24670816,28576377,24670816
992,24670058,29192334,24670816
993,24667484,28927811,24670058
994,24670058,28777164,24667484
995,24670816,29487382,24667484
996,24670058,29317940,24667484
997,24667484,29144073,24667484
998,24667484,29023692,24667484
999,24670058,29152142,24667484

Precisao,Condicao_Parada,Tempo,Melhor_Fitness
0.9429712410069871,MAX_GERACAO,4739,24667484

tamanho_populacao,k_individuos_selecao,posicoes_cruzamento,busca_local_profundidade,taxa_busca_local,taxa_cruzamento,taxa_mutacao,taxa_sobrevivencia
100,3,50,0.1,0.8,0.1,0.3
