Geracao,Melhor_Geracao,Pior_Geracao,Melhor_Geral
0,315701,399965,311987
1,306728,392199,311987
2,311544,398902,306728
3,306877,399234,306728
4,306877,393466,306728
5,306877,420881,306728
6,305624,390681,306728
7,297240,394063,305624
8,297240,392020,297240
9,297240,390845,297240
10,297240,389040,297240
11,300907,385031,297240
12,295072,394630,297240
13,291711,384374,295072
14,287805,379966,291711
15,285400,376856,287805
16,285400,375369,285400
17,285400,374358,285400
18,285400,374209,285400
19,285400,371513,285400
20,285400,376332,285400
21,285400,372112,285400
22,280151,366413,285400
23,280236,368848,280151
24,280236,358596,280151
25,280236,369074,280151
26,280236,362148,280151
27,279073,362250,280151
28,279666,357703,279073
29,279073,362099,279073
30,278743,358803,279073
31,278556,362952,278743
32,278556,361450,278556
33,279073,354063,278556
34,278556,358807,278556
35,278556,364087,278556
36,278556,357601,278556
37,278743,353018,278556
38,278527,354562,278556
39,278527,355812,278527
40,278527,355788,278527
41,278447,358307,278527
42,278447,360987,278447
43,278236,353891,278447
44,278475,356432,278236
45,278236,353787,278236
46,278236,357546,278236
47,278236,367866,278236
48,278236,355545,278236
49,278236,347666,278236
50,278236,365942,278236
51,278236,349176,278236
52,278110,358916,278236
53,278110,352170,278110
54,278110,370384,278110
55,278236,352991,278110
56,278110,361183,278110
57,278110,361341,278110
58,278110,360021,278110
59,278110,353759,278110
60,278110,357370,278110
61,277775,354486,278110
62,278021,363811,277775
63,278107,356551,277775
64,278021,353313,277775
65,277692,358229,277775
66,278021,348192,277692
67,277504,362755,277692
68,277692,354531,277504
69,277692,357564,277504
70,277692,352424,277504
71,277049,362771,277504
72,277049,362828,277049
73,277049,358012,277049
74,277049,356432,277049
75,277692,362054,277049
76,277049,372487,277049
77,277049,353194,277049
78,277049,353982,277049
79,277049,361188,277049
80,277049,360998,277049
81,277049,344864,277049
82,276655,364309,277049
83,277049,359848,276655
84,276759,360575,276655
85,276118,355988,276655
86,276628,355106,276118
87,276118,355048,276118
88,276118,369481,276118
89,276118,353729,276118
90,276118,361101,276118
91,276118,356483,276118
92,276118,350660,276118
93,276118,360173,276118
94,276118,361546,276118
95,276118,356726,276118
96,275809,351605,276118
97,275809,346764,275809
98,275809,368299,275809
99,275809,352287,275809
100,275809,352073,275809
101,275809,353656,275809
102,275809,367025,275809
103,275809,367081,275809
104,275767,356981,275809
105,275767,351698,275767
106,275679,348520,275767
107,275679,346408,275679
108,275511,351824,275679
109,275424,354864,275511
110,275424,366249,275424
111,275424,365439,275424
112,275679,357501,275424
113,275424,353786,275424
114,275424,347960,275424
115,275424,356115,275424
116,275276,365027,275424
117,275424,354998,275276
118,275276,350609,275276
119,275424,352836,275276
120,275265,359623,275276
121,275265,354980,275265
122,275265,344740,275265
123,275265,358381,275265
124,275082,350202,275265
125,275082,354328,275082
126,275082,350032,275082
127,275082,347189,275082
128,275082,346518,275082
129,275082,354756,275082
130,275082,352982,275082
131,275082,346005,275082
132,274997,355894,275082
133,274836,353164,274997
134,274836,364807,274836
135,274836,358592,274836
136,274836,352944,274836
137,274836,342369,274836
138,274836,356530,274836
139,274825,353453,274836
140,274705,362877,274825
141,274696,347412,274705
142,274618,352939,274696
143,274618,353527,274618
144,274618,359554,274618
145,274618,356772,274618
146,274557,348155,274618
147,274441,357465,274557
148,274441,351638,274441
149,274430,358165,274441
150,274190,355797,274430
151,274430,359190,274190
152,274190,355066,274190
153,274190,355134,274190
154,274190,354929,274190
155,274190,352043,274190
156,274190,345569,274190
157,274190,344636,274190
158,274190,351971,274190
159,274190,345879,274190
160,274035,350254,274190
161,274190,348674,274035
162,274190,360980,274035
163,274190,365390,274035
164,274190,349368,274035
165,274003,352309,274035
166,274003,354472,274003
167,274190,360092,274003
168,274190,372440,274003
169,274190,358714,274003
170,274003,359234,274003
171,274003,365933,274003
172,274003,350124,274003
173,274003,368413,274003
174,274003,343748,274003
175,274003,358477,274003
176,274003,352322,274003
177,274003,347614,274003
178,274003,349236,274003
179,274003,342444,274003
180,274003,351715,274003
181,274003,362941,274003
182,274003,346024,274003
183,273521,344115,274003
184,274003,355038,273521
185,273521,354275,273521
186,273521,355970,273521
187,273521,354320,273521
188,273521,346920,273521
189,274003,348447,273521
190,274003,355058,273521
191,273521,345790,273521
192,273521,351723,273521
193,273374,360451,273521
194,273521,351303,273374
195,273521,354045,273374
196,273400,355818,273374
197,273521,365361,273374
198,273521,349244,273374
199,273521,349770,273374
200,273374,357711,273374
201,273521,349263,273374
202,273521,357938,273374
203,273521,355175,273374
204,273374,350733,273374
205,273374,354039,273374
206,273374,355304,273374
207,273374,351863,273374
208,273374,357206,273374
209,273374,359583,273374
210,273374,349986,273374
211,273374,354354,273374
212,273374,355791,273374
213,272971,359801,273374
214,273290,349405,272971
215,273374,356593,272971
216,272971,355311,272971
217,272971,351284,272971
218,272971,352203,272971
219,272971,353368,272971
220,272971,354592,272971
221,272971,362749,272971
222,272971,353787,272971
223,272971,351193,272971
224,272971,349228,272971
225,272971,358026,272971
226,272971,351259,272971
227,272971,348345,272971
228,272971,346043,272971
229,272971,363960,272971
230,272971,351823,272971
231,272971,355366,272971
232,272971,353685,272971
233,272971,360273,272971
234,272971,349369,272971
235,272791,350756,272971
236,272791,355864,272791
237,272791,346131,272791
238,272791,352744,272791
239,272791,358980,272791
240,272791,364813,272791
241,272791,359784,272791
242,272574,347229,272791
243,272791,340514,272574
244,272791,353188,272574
245,272574,351437,272574
246,272791,357193,272574
247,272574,349185,272574
248,272574,363757,272574
249,272574,349558,272574
250,272574,354863,272574
251,272516,350102,272574
252,272574,357472,272516
253,272574,353121,272516
254,272516,345963,272516
255,272574,356345,272516
256,272516,354024,272516
257,272516,357451,272516
258,272516,371987,272516
259,272215,357900,272516
260,272516,354950,272215
261,272215,349831,272215
262,272215,355069,272215
263,272215,344570,272215
264,272516,349092,272215
265,272215,345106,272215
266,272215,358888,272215
267,272215,352297,272215
268,272215,342069,272215
269,272215,367991,272215
270,272215,352583,272215
271,272215,350308,272215
272,272215,354245,272215
273,272215,348270,272215
274,272215,344944,272215
275,272215,341852,272215
276,272215,351868,272215
277,272215,357102,272215
278,272215,351631,272215
279,272215,356193,272215
280,271988,354173,272215
281,272215,349075,271988
282,271988,354028,271988
283,271988,364045,271988
284,271988,355755,271988
285,271988,356202,271988
286,271988,342311,271988
287,271988,345348,271988
288,271988,351229,271988
289,271988,350564,271988
290,271988,357940,271988
291,271988,344866,271988
292,271988,357262,271988
293,271988,346630,271988
294,271988,347109,271988
295,271988,346655,271988
296,271988,369038,271988
297,271559,358931,271988
298,271775,347454,271559
299,271559,351618,271559
300,271559,357203,271559
301,271559,356707,271559
302,271559,350475,271559
303,271559,357918,271559
304,271559,344475,271559
305,271559,368308,271559
306,271559,340357,271559
307,271559,348891,271559
308,271559,347894,271559
309,271559,346739,271559
310,271559,357964,271559
311,271559,346784,271559
312,271559,351817,271559
313,271559,356826,271559
314,271559,362220,271559
315,271559,347653,271559
316,271559,356876,271559
317,271559,343350,271559
318,271559,348709,271559
319,271559,349839,271559
320,271494,351811,271559
321,271494,360370,271494
322,271494,350832,271494
323,271559,351185,271494
324,271494,345805,271494
325,271559,362223,271494
326,271559,349510,271494
327,271559,349658,271494
328,271494,343675,271494
329,271559,345850,271494
330,271494,356326,271494
331,271494,359320,271494
332,271494,361044,271494
333,271494,343879,271494
334,271494,358782,271494
335,271494,350539,271494
336,271494,349396,271494
337,271494,365100,271494
338,271494,349504,271494
339,271494,357094,271494
340,271494,354794,271494
341,271494,349869,271494
342,271494,345729,271494
343,271494,349898,271494
344,271494,346066,271494
345,271494,346035,271494
346,271494,346906,271494
347,271494,347026,271494
348,271494,347866,271494
349,271494,348807,271494
350,271494,353038,271494
351,271494,350640,271494
352,271494,352018,271494
353,271494,351478,271494
354,271494,346195,271494
355,271494,354420,271494
356,271494,344868,271494
357,271494,354170,271494
358,271494,352020,271494
359,271494,347220,271494
360,271494,345484,271494
361,271494,357953,271494
362,271494,349853,271494
363,271494,351239,271494
364,271494,357345,271494
365,271494,354231,271494
366,271494,346294,271494
367,271494,345242,271494
368,271494,353936,271494
369,271494,346784,271494
370,271303,357902,271494
371,271303,344497,271303
372,271494,344359,271303
373,271494,360425,271303
374,271494,354635,271303
375,271303,346524,271303
376,271303,353403,271303
377,271303,358533,271303
378,271303,345601,271303
379,271494,344020,271303
380,271303,361836,271303
381,271303,350120,271303
382,271303,356201,271303
383,271303,349989,271303
384,271302,353936,271303
385,271303,350861,271302
386,271205,355138,271302
387,271205,363444,271205
388,271205,356068,271205
389,271205,355366,271205
390,271205,346177,271205
391,271205,348121,271205
392,271205,345282,271205
393,271205,353588,271205
394,271205,357142,271205
395,271205,349714,271205
396,271205,344269,271205
397,271205,345297,271205
398,270982,348288,271205
399,270982,347688,270982
400,270982,362894,270982
401,270982,348533,270982
402,270982,351327,270982
403,270982,342277,270982
404,270982,354362,270982
405,270982,359307,270982
406,270982,350568,270982
407,270982,351096,270982
408,270982,349790,270982
409,270982,346086,270982
410,270982,350701,270982
411,270597,353681,270982
412,270597,350040,270597
413,270597,342116,270597
414,270597,352600,270597
415,270597,342733,270597
416,270597,354142,270597
417,270597,352931,270597
418,270597,355470,270597
419,270597,345236,270597
420,270597,357538,270597
421,270597,355385,270597
422,270597,368158,270597
423,270597,349903,270597
424,270597,342414,270597
425,270597,348744,270597
426,270597,353381,270597
427,270597,341443,270597
428,269588,346056,270597
429,270597,359155,269588
430,269588,353545,269588
431,269588,349373,269588
432,269588,351898,269588
433,269588,363871,269588
434,269588,353526,269588
435,269588,359222,269588
436,269588,342724,269588
437,269588,352527,269588
438,269588,346955,269588
439,269588,353829,269588
440,269588,356625,269588
441,269588,349641,269588
442,269588,341566,269588
443,269588,353942,269588
444,269588,338302,269588
445,269588,340654,269588
446,269588,351052,269588
447,269545,363853,269588
448,269588,351455,269545
449,269588,350534,269545
450,269545,341486,269545
451,269588,350301,269545
452,269493,348400,269545
453,269493,349257,269493
454,269588,357321,269493
455,269493,342756,269493
456,269493,347569,269493
457,269395,353721,269493
458,269493,346482,269395
459,269395,352822,269395
460,269395,352761,269395
461,269493,348938,269395
462,269395,337532,269395
463,269395,356647,269395
464,268878,345554,269395
465,268878,344343,268878
466,268878,351435,268878
467,269395,354237,268878
468,268878,356423,268878
469,268878,345626,268878
470,268878,348029,268878
471,268878,344516,268878
472,268878,343698,268878
473,268878,355096,268878
474,268878,357319,268878
475,268878,346024,268878
476,268878,345250,268878
477,268878,346454,268878
478,268878,351069,268878
479,268878,357205,268878
480,268878,342985,268878
481,268878,346283,268878
482,268878,347134,268878
483,268878,341061,268878
484,268878,359537,268878
485,268878,354370,268878
486,268878,347484,268878
487,268878,351456,268878
488,268878,356021,268878
489,268878,344863,268878
490,268878,342564,268878
491,268878,356831,268878
492,268878,339853,268878
493,268878,343428,268878
494,268347,350067,268878
495,268347,344268,268347
496,267517,350108,268347
497,267517,341918,267517
498,267517,348572,267517
499,267517,347022,267517
500,268347,346979,267517
501,267517,348038,267517
502,267517,336525,267517
503,267517,338404,267517
504,267517,368424,267517
505,267517,340140,267517
506,267517,349651,267517
507,267517,348016,267517
508,267517,354139,267517
509,267517,342892,267517
510,267517,359862,267517
511,267517,345722,267517
512,267517,350468,267517
513,267517,347763,267517
514,267517,354561,267517
515,267484,343952,267517
516,267517,343825,267484
517,267517,352963,267484
518,267517,345714,267484
519,267458,351588,267484
520,267484,348431,267458
521,267517,348406,267458
522,267463,340130,267458
523,267463,339168,267458
524,267463,339009,267458
525,267463,366404,267458
526,267458,333541,267458
527,267463,342934,267458
528,267458,350862,267458
529,267463,349368,267458
530,267452,355256,267458
531,267458,344063,267452
532,267452,344698,267452
533,267458,342065,267452
534,267430,347302,267452
535,267452,348039,267430
536,267430,353795,267430
537,267430,346494,267430
538,267430,334752,267430
539,267430,343110,267430
540,267430,345637,267430
541,267430,342996,267430
542,267430,359764,267430
543,267430,347470,267430
544,267430,362449,267430
545,267430,351309,267430
546,267430,346469,267430
547,267430,354372,267430
548,267430,350945,267430
549,267430,346076,267430
550,267430,349755,267430
551,267430,347926,267430
552,267430,344637,267430
553,267430,343100,267430
554,267430,344885,267430
555,267430,346117,267430
556,267430,338485,267430
557,267430,342675,267430
558,267430,343700,267430
559,267430,344112,267430
560,267430,344620,267430
561,267247,355999,267430
562,267247,346855,267247
563,267247,343777,267247
564,267247,344965,267247
565,267247,339869,267247
566,267373,345989,267247
567,267247,347160,267247
568,267247,354952,267247
569,267233,343641,267247
570,267247,337671,267233
571,267247,355616,267233
572,267247,348172,267233
573,267247,342501,267233
574,267233,347750,267233
575,267247,331808,267233
576,267233,336431,267233
577,267204,347087,267233
578,267233,347882,267204
579,267233,344210,267204
580,267233,354751,267204
581,267204,350359,267204
582,267204,343935,267204
583,267233,352597,267204
584,267204,351135,267204
585,267204,343466,267204
586,267204,340822,267204
587,267204,338339,267204
588,267204,345171,267204
589,267204,348073,267204
590,267204,350531,267204
591,267204,363019,267204
592,267204,352002,267204
593,267204,350211,267204
594,267204,342675,267204
595,267204,352739,267204
596,267204,350770,267204
597,267204,351046,267204
598,267204,350622,267204
599,267098,346772,267204
600,267204,353179,267098
601,267204,343437,267098
602,267098,346894,267098
603,267098,333400,267098
604,267204,348711,267098
605,267098,349263,267098
606,267098,347363,267098
607,267098,349446,267098
608,267098,349952,267098
609,267098,348148,267098
610,267098,334896,267098
611,267098,341449,267098
612,267098,343914,267098
613,267098,338406,267098
614,267098,343032,267098
615,267098,347129,267098
616,267098,341351,267098
617,267098,342682,267098
618,267098,345441,267098
619,267098,343491,267098
620,267098,344508,267098
621,266929,351855,267098
622,267098,349161,266929
623,267098,349315,266929
624,267098,347713,266929
625,267098,340686,266929
626,266929,355309,266929
627,267098,344495,266929
628,267098,338778,266929
629,267098,348547,266929
630,267098,347531,266929
631,266929,343646,266929
632,266929,344173,266929
633,266929,346597,266929
634,266929,352306,266929
635,266929,344113,266929
636,266929,347305,266929
637,266929,348660,266929
638,266929,347947,266929
639,266847,347400,266929
640,266847,340663,266847
641,266847,356644,266847
642,266847,345607,266847
643,266847,347445,266847
644,266847,350997,266847
645,266847,357706,266847
646,266847,349311,266847
647,266847,350582,266847
648,266847,349625,266847
649,266847,348484,266847
650,266847,345721,266847
651,266847,350701,266847
652,266847,351038,266847
653,266847,340736,266847
654,266847,346688,266847
655,266847,338391,266847
656,266847,352143,266847
657,266847,356511,266847
658,266847,355008,266847
659,266847,344723,266847
660,266817,354138,266847
661,266847,341887,266817
662,266817,351374,266817
663,266847,339602,266817
664,266817,337774,266817
665,266817,345733,266817
666,266817,352693,266817
667,266817,344361,266817
668,266717,353607,266817
669,266717,343119,266717
670,266717,346688,266717
671,266717,343552,266717
672,266717,341454,266717
673,266717,338759,266717
674,266717,337965,266717
675,266717,357156,266717
676,266717,352729,266717
677,266717,375165,266717
678,266717,368353,266717
679,266717,346447,266717
680,266717,343310,266717
681,266717,347710,266717
682,266717,336515,266717
683,266717,342897,266717
684,266717,351675,266717
685,266717,350589,266717
686,266717,349777,266717
687,266717,338876,266717
688,266717,344428,266717
689,266717,353962,266717
690,266717,351017,266717
691,266717,347507,266717
692,266717,347889,266717
693,266717,353981,266717
694,266717,340621,266717
695,266717,354125,266717
696,266717,347133,266717
697,266717,343572,266717
698,266667,341574,266717
699,266610,343379,266667
700,266667,348471,266610
701,266610,362844,266610
702,266717,347867,266610
703,266610,344468,266610
704,266610,339604,266610
705,266610,345457,266610
706,266610,348960,266610
707,266610,349228,266610
708,266610,355979,266610
709,266610,341812,266610
710,266477,342525,266610
711,266610,348565,266477
712,266610,347659,266477
713,266477,371404,266477
714,266610,338328,266477
715,266477,343422,266477
716,266477,340577,266477
717,266477,345889,266477
718,266477,351444,266477
719,266477,342908,266477
720,266477,349950,266477
721,266477,345481,266477
722,266477,343566,266477
723,266477,358338,266477
724,266477,343341,266477
725,266477,349382,266477
726,266477,351137,266477
727,266477,360993,266477
728,266363,345501,266477
729,266363,355012,266363
730,266363,342583,266363
731,266363,348901,266363
732,266363,342298,266363
733,266363,345791,266363
734,266363,339963,266363
735,266363,344256,266363
736,266363,338978,266363
737,266363,342274,266363
738,266363,360368,266363
739,266363,351216,266363
740,266363,347389,266363
741,266363,341026,266363
742,266363,343821,266363
743,266305,343920,266363
744,266305,341347,266305
745,266363,349889,266305
746,266363,352366,266305
747,266363,347168,266305
748,266333,349816,266305
749,266363,342084,266305
750,266305,344096,266305
751,266305,344221,266305
752,266305,346359,266305
753,266305,337855,266305
754,266305,350602,266305
755,266305,351002,266305
756,266305,355544,266305
757,266305,347449,266305
758,266305,349500,266305
759,266305,343092,266305
760,266305,347932,266305
761,266305,352271,266305
762,266305,353618,266305
763,266305,353258,266305
764,266305,348314,266305
765,266305,345786,266305
766,266305,344499,266305
767,266305,341285,266305
768,266305,340586,266305
769,266305,343865,266305
770,266305,342158,266305
771,266305,350372,266305
772,266305,343245,266305
773,266305,345038,266305
774,266305,357147,266305
775,266305,355857,266305
776,266305,334769,266305
777,266305,333072,266305
778,266305,337256,266305
779,266305,351420,266305
780,266305,341527,266305
781,266305,358429,266305
782,266305,346978,266305
783,266305,343002,266305
784,266305,346647,266305
785,266305,344811,266305
786,266305,346392,266305
787,266305,343786,266305
788,266305,345359,266305
789,266305,354146,266305
790,266305,339110,266305
791,266305,353365,266305
792,266305,344625,266305
793,266305,352736,266305
794,266278,352329,266305
795,266305,350128,266278
796,266305,347646,266278
797,266305,341833,266278
798,266278,341855,266278
799,266278,342429,266278
800,266278,343208,266278
801,266278,349860,266278
802,266278,344126,266278
803,266278,347251,266278
804,266278,340843,266278
805,266278,347213,266278
806,266278,352791,266278
807,266278,344566,266278
808,266012,350474,266278
809,266278,343602,266012
810,266012,347355,266012
811,266278,361256,266012
812,266012,350780,266012
813,266012,342577,266012
814,266278,348155,266012
815,266012,340392,266012
816,266012,338332,266012
817,266012,334809,266012
818,266012,341377,266012
819,266012,351265,266012
820,266012,345983,266012
821,266012,342187,266012
822,266012,353557,266012
823,266012,343128,266012
824,266012,345464,266012
825,266012,346001,266012
826,266012,342129,266012
827,266012,348890,266012
828,266012,350253,266012
829,266012,350311,266012
830,266012,346540,266012
831,266012,351223,266012
832,266012,346545,266012
833,266012,347219,266012
834,266012,338398,266012
835,266012,342724,266012
836,266012,339623,266012
837,266001,343847,266012
838,265885,350569,266001
839,265885,343835,265885
840,266001,342935,265885
841,265988,347553,265885
842,265885,347545,265885
843,265885,343637,265885
844,265885,354804,265885
845,265885,348476,265885
846,266001,347181,265885
847,265885,345765,265885
848,265885,364115,265885
849,265885,346356,265885
850,265885,350754,265885
851,265885,337796,265885
852,265885,340221,265885
853,265885,341723,265885
854,265885,351305,265885
855,265885,347605,265885
856,265885,341720,265885
857,265885,341746,265885
858,265885,344273,265885
859,265885,347876,265885
860,265885,344602,265885
861,265885,339860,265885
862,265885,347601,265885
863,265885,339370,265885
864,265885,351986,265885
865,265885,338270,265885
866,265885,345279,265885
867,265885,350866,265885
868,265885,348559,265885
869,265885,337287,265885
870,265885,342500,265885
871,265885,339863,265885
872,265885,349065,265885
873,265885,345611,265885
874,265885,355832,265885
875,265885,358923,265885
876,265885,341713,265885
877,265885,341202,265885
878,265885,335504,265885
879,265885,342790,265885
880,265885,351765,265885
881,265885,348393,265885
882,265885,345771,265885
883,265885,344195,265885
884,265885,344423,265885
885,265885,344118,265885
886,265885,347012,265885
887,265885,356192,265885
888,265885,341861,265885
889,265885,343518,265885
890,265885,336050,265885
891,265885,352183,265885
892,265885,343722,265885
893,265885,350188,265885
894,265876,352023,265885
895,265885,339516,265876
896,265885,344559,265876
897,265876,344393,265876
898,265885,339337,265876
899,265867,348822,265876
900,265876,345811,265867
901,265876,355544,265867
902,265876,355169,265867
903,265876,348390,265867
904,265876,346030,265867
905,265876,339984,265867
906,265876,343082,265867
907,265876,357464,265867
908,265876,359452,265867
909,265867,348997,265867
910,265867,341867,265867
911,265867,350805,265867
912,265867,340418,265867
913,265867,342736,265867
914,265867,342735,265867
915,265876,347031,265867
916,265867,333258,265867
917,265867,347855,265867
918,265837,339771,265867
919,265837,349938,265837
920,265837,337406,265837
921,265867,347597,265837
922,265837,346600,265837
923,265837,354728,265837
924,265837,341525,265837
925,265837,334125,265837
926,265837,340658,265837
927,265837,346578,265837
928,265837,347243,265837
929,265837,338480,265837
930,265837,353114,265837
931,265837,346665,265837
932,265837,342948,265837
933,265837,345781,265837
934,265837,352011,265837
935,265837,339012,265837
936,265837,351786,265837
937,265837,345015,265837
938,265837,342385,265837
939,265837,341758,265837
940,265837,343629,265837
941,265837,343088,265837
942,265837,353098,265837
943,265837,348239,265837
944,265837,352408,265837
945,265837,344340,265837
946,265837,351695,265837
947,265837,342238,265837
948,265837,343619,265837
949,265837,350953,265837
950,265837,343100,265837
951,265837,345247,265837
952,265837,338312,265837
953,265837,334451,265837
954,265837,349567,265837
955,265837,343869,265837
956,265837,346556,265837
957,265837,342774,265837
958,265837,343758,265837
959,265837,347332,265837
960,265837,337634,265837
961,265837,356093,265837
962,265837,348355,265837
963,265837,341822,265837
964,265837,342797,265837
965,265837,352466,265837
966,265837,346903,265837
967,265837,339836,265837
968,265837,352568,265837
969,265837,343292,265837
970,265837,357277,265837
971,265837,338751,265837
972,265782,347952,265837
973,265782,352140,265782
974,265782,336303,265782
975,265837,339588,265782
976,265782,344516,265782
977,265782,347408,265782
978,265782,350191,265782
979,265782,336857,265782
980,265782,350633,265782
981,265782,334082,265782
982,265782,340723,265782
983,265782,339397,265782
984,265782,344052,265782
985,265782,345958,265782
986,265782,347020,265782
987,265782,344402,265782
988,265782,342455,265782
989,265782,347856,265782
990,265782,331719,265782
991,265782,343327,265782
992,265697,347920,265782
993,265782,341819,265697
994,265697,349599,265697
995,265697,342678,265697
996,265697,345916,265697
997,265782,340949,265697
998,265772,347105,265697
999,265697,347563,265697

Precisao,Condicao_Parada,Tempo,Melhor_Fitness
0.9749639627094021,MAX_GERACAO,240,265697

tamanho_populacao,k_individuos_selecao,posicoes_cruzamento,busca_local_profundidade,taxa_busca_local,taxa_cruzamento,taxa_mutacao,taxa_sobrevivencia
100,3,50,0.1,0.8,0.1,0.3
